-0.00074024559051
-0.00073983460945
-0.00074036177247
-0.00074422507527
-0.00073911953473
-0.00073133352479
-0.00075187611208
-0.00075540763961
-0.00069797374347
-0.00067127048137
-0.00069595520817
-0.00068438328272
-0.00068090974515
-0.00073909852095
-0.00072591500015
-0.00057937580303
-0.00054538520417
-0.00066467296239
-0.00067231086558
-0.00060862718812
-0.00046144484807
-0.00045585518235
-0.00060617483948
-0.0005482784381
-0.00050230089162
-0.00068740219523
-0.00084573557894
-0.00072945258934
-0.00033005052532
-5.759638924e-05
-0.00020447782811
-0.00034471470946
-0.00017611037559
8.78309364e-05
-0.00027591235784
-0.00123672950387
-0.00121913430141
-2.801593642e-05
0.00046395740928
-0.00047501166832
-0.00105903555804
-0.00074553722425
-0.0003021058337
-0.00021308600223
-0.00049981035447
-0.00045805334506
-0.00093163445984
-0.00230189199344
-0.0016713266201
0.00161079844472
0.0030746879306
0.0004131652823
-0.00109744248584
0.00078499847809
0.00170433138975
-4.288359053e-05
-0.0010498947654
-0.00071594517344
-0.00077487428091
-0.00032426163279
0.00035019728572
0.00082035618504
0.00151213854125
0.00102690871991
-0.00067363837078
-0.00080820334978
0.00040539806353
0.00060236912252
-0.00056313821205
-0.00115809997679
-0.00084510839841
-0.00112655425052
-0.00150612738758
-9.61761352e-06
0.00112719274617
-0.00115765121134
-0.00299778153355
-0.00117661493628
0.00081503767791
0.00039363741816
-0.00066415307336
-0.00024060678123
-0.00056405675674
-0.00244187206214
-0.00120434423665
0.00252061312391
0.00264181212591
-0.00156001439997
-0.00306232819042
0.00041363809237
0.00196347656893
0.00029459765019
0.00155329867846
0.0034299178148
0.00214618795906
-0.00040999543427
-0.00032497771779
0.00114041465754
-0.00070576440069
-0.00353731439973
-0.00214325007085
0.00060232406412
-0.00057485905246
-0.00041339623183
0.00228422627358
0.00030210320698
-0.00265326463651
-0.00022989965369
0.00232913110696
0.00070078534695
-0.00181918766486
-0.00091323325764
0.00152266301055
-0.00146273150532
-0.00429113731739
0.0005462958687
0.00453132887439
0.00104614441167
-0.00302449328199
-0.00434516900157
-0.00331320242624
-0.00224839979767
-0.00497698671544
-0.00329671873156
-0.00191079946539
-0.00388145345283
-0.00287206456865
0.00045592549769
0.00427783801873
0.00590930957865
0.0027482085357
-0.00329328580716
-0.0079110419378
-0.00504662113196
0.00535961129595
0.01258676781599
0.01184260719645
0.00482927600003
-0.00584678347764
-0.01236773349937
-0.00595125631826
0.00465836122116
0.00608363303526
0.00104380763882
-0.00287786558452
-0.00166902318642
0.00584147951852
0.01150177377274
0.00899653707891
0.00264623512268
-0.00311529706222
-0.00479117235767
-0.00100963236116
0.0046008905509
0.00546152207174
-0.0005727479757
-0.00717791153268
-0.00894515232289
-0.00573402433746
-1.986218329e-05
0.005394863934
0.00537557570778
-0.00241725967124
-0.0090489664623
-0.00606966897373
0.00046863459198
0.0037046366303
0.00099295024789
-0.00208474285544
-0.00054443756347
-7.57499319e-05
-0.00349352289263
-0.00423596401914
0.00026102146734
0.0029246010415
0.00144786789232
0.00192609244651
0.0030085268496
-0.00209268768107
-0.00537649708125
0.00182828339911
0.00791100758835
0.00575543414733
0.00158911020226
-0.00240134173219
-0.00683981596216
-0.0071926312821
-0.00144655291456
0.00176771238795
0.00012266911803
-0.00298117660551
-0.00607479108283
-0.00584180482801
-0.00501774940931
-0.0066531267037
-0.00582150430331
-0.00032766849202
-0.0005843415211
-0.00834215783834
-0.01186636287167
-0.01207953959686
-0.01157326508009
-0.00617085032885
-0.00059215379827
-0.00082835374718
-0.00381130783568
-0.00546897994341
-0.00340695217692
-0.00149659682971
-0.00394156094848
-0.00742569835916
-0.00996953575209
-0.0142042106566
-0.0174145526458
-0.01356212043675
-0.00343271022299
0.00676427950198
0.00958632116927
0.00983105291528
0.0166645081676
0.02755462331226
0.03482054217588
0.03716232600361
0.03762438671711
0.0361290541492
0.02809681927107
0.01937825612315
0.02393643414378
0.0384847596068
0.04688693805688
0.04400990898249
0.03771044219108
0.03197129574452
0.02832524311076
0.02893728968556
0.03102549375318
0.02831067490303
0.01648726500778
-0.00179543320198
-0.01783680032668
-0.02238442498406
-0.02600612991974
-0.03507044452433
-0.03702017989904
-0.03195046381363
-0.03672596676063
-0.04881610417296
-0.04914652567234
-0.03489782843743
-0.02379974354002
-0.02407801449271
-0.02937669996789
-0.031039920522
-0.02694433462106
-0.01594591970299
0.00060921496782
0.00886583136159
0.00886943199213
0.01710270409586
0.03670291221829
0.051013458668
0.05504794295981
0.05317050307369
0.04233347399307
0.0229128003408
0.00358024312948
-0.00581514763458
-0.00491918871513
-0.00243159955616
-0.00395123132881
-0.0106218580668
-0.01514416111817
-0.01465582509631
-0.02071166740631
-0.0362090479556
-0.05116989010249
-0.05316260270028
-0.04168485535725
-0.02860892915315
-0.02360746744462
-0.02050650016453
-0.01834540454435
-0.02208821149535
-0.03099884262142
-0.03651231318425
-0.0230747883039
-0.00143794090139
0.00429242037036
0.00937468410764
0.02462291799637
0.02912372637453
0.02094793100272
0.01498684265966
0.02239266885196
0.0397127524292
0.04335981534089
0.03475210594898
0.02890168749135
0.01972532700279
0.00556872872442
-0.00440062113653
-0.00037663827967
0.00859211070069
0.00190558117783
-0.01449381894821
-0.02598685381686
-0.0246463160332
-0.01329466147845
-0.00557499648869
-0.00179606927296
0.00625483877418
0.0069751891635
-0.00564012102454
-0.00973995009278
-0.00143366075792
0.00212527318538
-0.00346239218854
-0.00956462039936
-0.01069353526529
-0.01402863041425
-0.01933281786302
-0.0105763086761
0.00611275934795
0.01501466975493
0.01659487577164
0.0157619602155
0.00768854236788
-0.00378077117501
-0.00655868390237
-0.00196789491842
0.00143529619583
0.00649465652835
0.0122913362824
0.00963502666821
0.00528914238986
0.00662767174101
0.00875468462498
0.00505294749235
-0.0104531962077
-0.02659302057412
-0.03320563311232
-0.03181383382655
-0.02224959329169
-0.01001204622678
-4.201630734e-05
0.00757077629028
0.00690969486593
-0.0032435235575
-0.013966023491
-0.02229935958246
-0.0239377879162
-0.01155970715028
0.0070010785457
0.01757537474817
0.01913474883398
0.01631930024046
0.00095399716385
-0.02002765065242
-0.02732516898909
-0.0151203852374
-0.00525065686245
-0.01180092717022
-0.02159222564901
-0.02316799654561
-0.01952347751374
-0.01222468016521
-0.00681230205304
-0.00149972141729
0.00482780907648
-0.00634552132107
-0.02052076528889
-0.01445434941009
-0.00600941599806
-0.00086375732075
0.01071212842029
0.01921906865047
0.0213571743861
0.01489925560435
0.0048598813596
0.00607634691084
0.0049318697237
-2.133371573e-05
0.01155996780199
0.03157779249127
0.04502558179538
0.04872146133659
0.04105997825275
0.0334350874355
0.04198965620835
0.04175468576768
0.02337383057081
0.02012796518908
0.02804319371861
0.01970565689152
0.0150931360211
0.03748454404621
0.0555163482187
0.04028576186483
0.0079556800578
-0.00510701958765
0.00628105548643
0.01195619072342
0.01447594106998
0.0138362876405
-0.01610619625528
-0.05334368491623
-0.07637790045851
-0.06547995161879
-0.01522336084612
0.01175360171093
-0.0043430393357
-0.01317785112377
-0.01251317108944
-0.01442477655456
0.00094089406116
0.02494958126185
0.04741048428512
0.05489326940892
0.01928934762431
-0.01789420431859
0.00098774772067
0.02807964454628
0.01593899727862
-0.00659614500796
-0.01191534922788
-0.00901128713667
-0.00326294109929
0.00056751311959
0.01461598175535
0.0223368004825
0.01380509631973
0.01292648791343
0.01664585641648
0.01628924447208
0.0241700104009
0.0357177700044
0.00708436181703
-0.02945113724568
-0.02358107898512
-0.01920343358925
-0.01992465685869
0.01532280654376
0.04116555229631
0.00732758622838
-0.02463180844214
-0.01672096451882
0.00191201866879
0.01396730452341
0.01051392805511
0.01214572694508
0.00223396292607
-0.04137672058898
-0.06509523778352
-0.06484553749065
-0.05008620537943
0.00537088801819
0.04391354867364
0.03726016131824
0.02886784318074
0.02550701221182
0.02615839900916
0.03176691651954
0.03563650324781
0.03908751162465
0.04036636183799
0.01818362671907
-0.00614420525876
-0.01161581596589
-0.00768561458244
0.00925024009293
0.03615051245241
0.04749573153675
0.03684344187818
0.02852772301324
0.01765629194859
-0.00446475155889
0.00992579273833
0.04439438035105
0.04499408132956
0.03928374800953
0.04763723106345
0.02532106045625
-0.01423007175102
-0.02448428765898
-0.01701072637267
-0.0231913137602
-0.03132481889791
-0.0283142512869
-0.03354492485191
-0.05855615327297
-0.07852813559096
-0.06017577023168
-0.03017249589237
-0.01814429255819
0.00847844433093
0.03829537290627
0.01836759226822
-0.04297997104524
-0.07832401903824
-0.02086577520156
0.07312339113882
0.10925788058328
0.11238822674553
0.13038444892936
0.12116533954053
0.01707816242442
-0.08233526693768
-0.01822177683421
0.08321532004142
0.07519510747064
0.03062447403214
0.0579500471324
0.09186701693435
0.00944512270539
-0.07358149156284
-0.08735335782093
-0.10663913916415
-0.12107855666645
-0.116768407939
-0.12055272721009
-0.12675506588143
-0.10554541227848
-0.08014629774945
-0.05756155485767
-0.01205574351052
0.02742340841488
0.03775887491499
0.06494678754467
0.10370686809261
0.12832635114402
0.15503217935166
0.12196701528256
0.01340772168146
-0.0484257731924
-0.0792573744055
-0.11929525447773
-0.12004550707318
-0.0696392052348
0.03521673276842
0.14307319622004
0.11575206834267
0.01117443160049
-0.05481477081385
-0.11642998503843
-0.1544987930164
-0.1404920169343
-0.10552833858148
-0.08624659834998
-0.09073122207573
-0.06739537795504
0.03509258981653
0.16007298128275
0.17412323972689
0.08951278648253
-0.04011015535526
-0.14077119713714
-0.14909212903619
-0.11564582751568
-0.09369412477406
-0.06854054819284
-0.03677041898949
-0.03740695470128
-0.07670993840258
-0.10785141206198
-0.09863365644557
-0.04050042571913
0.01863742133855
0.03070418496072
-0.00183931725054
-0.02363159288155
0.00610076128727
0.02976440422583
0.00408675405129
-0.02706585085033
-0.02912831303633
-0.02367505503805
-0.01909488124636
-0.00384945593027
-0.0030750859801
-0.02673585366768
-0.03385374660917
-0.02251111383633
-0.02664462557072
-0.02061692354215
0.02799615517825
0.0501192414677
0.01511458422153
-0.00404027318434
0.00195316648061
-0.02170072949856
-0.05712105347518
-0.06706241055528
-0.06372396734526
-0.06784448690549
-0.06446377366693
-0.02168028147328
0.02709223930983
0.04620685936636
0.05044503589417
0.02640721025746
-0.02749705767588
-0.05565140217222
-0.05335215104528
-0.05259824124372
-0.04243821960872
-0.02054893183754
-0.00305966913891
0.02151984933819
0.0469051230596
0.06645248556413
0.08567981222639
0.09677434094549
0.09122419729384
0.06972641242561
0.04478139762
0.02089392154465
-0.00025429281428
0.00507821050223
0.03606734637331
0.05220104037325
0.05805552014816
0.06533730037525
0.04422030946393
0.0033802121407
-0.04573837328524
-0.08386775752781
-0.0777036477733
-0.04065988798741
-0.01885448359265
-0.0289664867177
-0.04624058244362
-0.05823720853087
-0.07032530518178
-0.06217226126893
-0.00095414082537
0.08126269527184
0.09034260856765
0.0279508139048
-0.03628081809966
-0.06774723755206
-0.0794085321892
-0.07182682065061
-0.02967129701192
0.04097097276723
0.08610328032301
0.07589791741456
0.06274882688287
0.05127310009569
0.01657197479155
0.00824417300258
0.05061423724167
0.07252924668892
0.0593785599181
0.04664570389305
0.0327376319646
0.01857817662025
0.01563679486235
0.02363751311022
0.02339254091805
0.01112081817136
0.02944770230073
0.07525970464141
0.06585446164698
0.0189953769526
-0.01649265787136
-0.03272025518423
-0.03804912776392
-0.04391336682361
-0.03731049336465
-0.01833715461479
-0.01513984319031
-0.02029104829345
-0.03574939170357
-0.0784349071437
-0.1185457696935
-0.11682336705832
-0.05259886761604
0.02957637129773
0.07346290513956
0.06319318752705
0.03894352681425
0.03254832608631
0.02701683216523
0.06088805658257
0.12826731050186
0.12770731344595
0.07358064292938
0.0541386120017
0.06774941975239
0.06248779127164
0.03459118888049
0.02862420455544
0.05467272573707
0.081520255527
0.08394591262838
0.05566797073025
0.02342715303989
0.0098666591506
-0.00095525172698
-0.01741065903466
-0.00280550543815
0.04496425792511
0.0686290485394
0.07643593082274
0.08274845040499
0.05599883675191
0.02285822512709
0.03564822247179
0.05592031795129
0.04604028474147
0.02796697835166
0.01928241509716
0.0110626887999
-0.0174242472728
-0.0457755111019
-0.01957326805118
0.03186915664593
0.04879688868675
0.03946614358679
0.02016081942732
0.01092718426243
0.01640938268225
0.00553399334868
-0.0179917607965
-0.0319446244072
-0.04882747990243
-0.07408422606574
-0.06071168226177
0.00644027326745
0.05029834353891
0.0300045472895
-0.00307649026642
-0.01521971980447
-0.00883301551391
0.01124748277696
0.02328221856823
0.01828403218074
-5.535149107e-05
-0.03721061728861
-0.06304922292221
-0.04496290415268
-0.0174015301633
-0.00683238839882
0.01223628219695
0.02986862449696
0.00933601268908
-0.03982768164638
-0.07050040655239
-0.07108865097919
-0.04758485825562
-0.00274944107477
0.04179899655764
0.06267594543309
0.04950481063699
0.01827529933832
-0.01498592532731
-0.03840502847266
-0.02973296437669
0.00045227637381
0.02567431423682
0.02998704927577
0.00624183447668
-0.02556332510357
-0.04084305137589
-0.03692024320633
-0.02649714519868
-0.01480812651462
-0.00766474021988
-0.01310774389718
-0.01515436896637
-0.00352059227946
-0.00101934901222
-0.01136109459171
-0.01178449803054
-0.01030132112667
-0.02569122628935
-0.04861344242045
-0.05619636629254
-0.04806265909925
-0.049920479388
-0.0610399821775
-0.0700674620488
-0.07559283368564
-0.07294970415731
-0.05602995331212
-0.03080529357583
-0.01136604091245
0.01136767554214
0.03336834847552
0.01820822698663
-0.02011425975869
-0.01913789888056
0.02201456223435
0.03996128079967
0.01937764591528
0.00063250349052
0.00747041326028
0.02108035823363
0.01072413658375
0.00222800430685
0.02265330035202
0.03074908171187
0.0015601748321
-0.02921709626071
-0.02668125824841
-0.00158426167642
0.0096368168807
0.01303513320189
0.02015554577653
0.01327113816716
-0.008391956458
-0.01477546018808
0.00495069726318
0.01800113617568
0.01688020856706
0.01207456700889
0.00222184565259
0.00122459909678
0.00359775932821
-0.01159367875592
-0.02767735187505
-0.01795251149897
-0.00428165282819
-0.01525272760495
-0.03006498211519
-0.02488898479168
-0.01871595832417
-0.03270881883807
-0.04702193139372
-0.03966664334453
-0.01665802622441
0.00017567720883
0.0040428615164
0.00670821715916
0.01449744180486
0.0152424449962
-0.00337366351917
-0.0186234532359
-0.00309439239132
0.02301053462763
0.03149496990667
0.02415936207154
0.00637561548001
-0.00555324722544
-0.01894826163111
-0.03349188526065
-0.02719348936385
-0.00712427587744
-0.00081081936345
0.00276278078454
0.0065758060927
-0.00697992332587
-0.01811219400783
-0.01747621596946
-0.0214247821851
-0.01971110633067
0.00614361929756
0.03013224641969
0.0294610783805
0.01634896200044
0.00346829827331
-0.00100514955593
0.00494966677969
0.00920810746219
0.01531602151719
0.02444765498129
0.0299324538565
0.0338783165684
0.03123146921729
0.01616308298489
0.00158399132605
-0.00855117828013
-0.01498714574304
-0.01305819380589
-0.00895427109148
-0.01708985942228
-0.02617185591118
-0.01755055626057
0.00064613941378
0.01187611811535
0.0058698097322
-0.0089475183938
-0.01989431821249
-0.02968251109693
-0.04558865009619
-0.04825521807247
-0.01984802525724
0.00764680374553
0.00637000237584
-0.00293050308516
0.00166395724878
0.00606399727344
0.00372525842338
-0.00451385510734
-0.01726400304941
-0.01878137786117
-0.01489367684963
-0.00980084560521
-0.00243154702171
0.00561354061223
0.01100959667419
0.00783426889744
-0.00190472183542
-0.00671486276737
-0.01384710973767
-0.03109300052438
-0.02887012640886
0.00199814506427
0.0083352293523
-0.01999554806095
-0.02773035105519
-0.01782991023121
-0.02517166055615
-0.0454637797442
-0.03661016870443
0.00302466907035
0.02184374444215
0.01628300701614
0.0124841114551
0.01334951552887
0.00871020208778
0.00948181802032
0.02761429032674
0.04081908758342
0.05179476720698
0.0595430331649
0.04934074150136
0.03800429162944
0.034205020245
0.03598771626697
0.03821216641606
0.03880928108307
0.0498376568034
0.0602844357257
0.04499030289011
0.01187787195783
0.00328477724644
0.02261717281329
0.0310845546009
0.02144327027119
-0.00190659913387
-0.02681534233512
-0.02767822071407
-0.01169211013452
-0.00105652380506
0.01249618427634
0.03124815900868
0.03453919997828
0.02004295232193
0.00316522701802
-0.01602811995639
-0.03387556861243
-0.02343091127379
0.00395166776888
0.0032522341738
-0.00525721962787
0.00145904136415
-0.00896019132014
-0.03108318062291
-0.02567659746494
-0.01113327085711
-0.01528263587276
-0.02325595134208
-0.00952547819128
0.02801203674729
0.05224444191307
0.04023698564643
0.0246431437605
0.03354866288025
0.02479337208851
-0.01441132571421
-0.01202872867871
0.00685185039284
-0.01376527520489
-0.02524767386751
0.00647420042085
0.04309049545064
0.06040989203889
0.05125107603684
0.02782194285221
0.01661388516115
-0.00158643094519
-0.03089967373993
-0.04183195182368
-0.02570779484738
-0.00886510396149
-0.00399584924326
0.00489612204946
0.01690147693801
0.01326960052415
-0.00168541130882
-0.00554632278052
-0.00027492390192
0.00357024339854
-0.0106097185672
-0.02881116658893
-0.0274647085766
-0.02419559063806
-0.02717516292222
-0.02468238295525
-0.02368509720066
-0.01612447420356
0.01275229579295
0.04551465734069
0.05765682406635
0.04656124465821
0.02153851927432
-0.00371500006129
-0.01424249008732
-0.01526112705565
-0.01099247246329
-0.00458712248329
0.00191644025117
0.00961862581632
0.00552285402424
-0.02242926111854
-0.04848626863478
-0.03695628992282
-0.00911369698975
-0.00088554275195
-0.00323327731874
0.01370285619334
0.00951165758922
-0.04494092050495
-0.08107480378265
-0.05925407347172
-0.02510621475192
-0.01365430829775
-0.01127785779316
-0.00140168020803
0.00041994162048
-0.01682515448161
-0.03793211737421
-0.04305145831148
-0.03312048688848
-0.02958542338797
-0.0171836940363
0.00357450070974
0.00211211128453
-0.00916187916473
-0.00400441842065
0.00039946045809
-0.01931787787301
-0.03193720896721
-0.01653431163037
-0.00630583962458
-0.00819536041418
0.00457821385251
0.02542760436662
0.03194456379053
0.01648010415782
-0.00987469490125
-0.02827776004811
-0.02038540825199
-0.00094912600778
0.00592050345811
0.00227667141523
-0.00624592206118
-0.00617902145674
0.00819353383168
0.02007563481292
0.02113515570848
0.01539807629056
0.00872282450022
0.00649909771013
0.00927352699919
0.00942414529447
0.00230815167549
-0.0027928648407
-0.00163600993043
-0.00033187286465
0.0034256241336
0.01216962405921
0.02444064365246
0.02609889363916
0.01806934610032
0.01488930032564
0.01456229558622
0.00891346798649
-0.00109784962784
-0.01566651117735
-0.02952502897339
-0.03018637711111
-0.02126002606048
-0.00615511423983
0.01284042031612
0.0220131680508
0.02466644076954
0.02164633613487
0.00234645737344
-0.02447899380264
-0.03251033963619
-0.00995380370418
0.00088442619278
-0.01239694669596
-0.01206448443516
-0.00426314655709
-0.01036488983451
-0.01705855292982
-0.00604700843979
0.00874198745198
0.00081033968349
-0.01787587585641
-0.01579193112053
-0.01066936133501
-0.01622325513833
-0.01483212465654
-0.01070655370668
-0.01445406855282
-0.02217966185346
-0.0282016255034
-0.03069319313685
-0.0195684288199
0.01142021403555
0.04036626081019
0.04515667545942
0.03017591063177
0.01077814806238
-0.00336854141007
-0.00385167045949
0.0126426887199
0.03021858477148
0.04067960861258
0.04638598164313
0.04433439004764
0.03323153663841
0.02185843388324
0.0121223450727
0.0004478826751
-0.0085968246575
-0.00247864415819
0.01211242212288
0.01700384840053
0.02439811095166
0.03711431759644
0.03692090998976
0.02255112084231
0.01605539948102
0.01551051618292
0.00244057082417
-0.01956773981035
-0.02786039403018
-0.01645307922323
-0.01059211144346
-0.01701721437753
-0.01687547036357
-0.01454574319263
-0.02479565531662
-0.0384662715207
-0.04137243701056
-0.03343514805217
-0.01502099005366
0.00914417707486
0.02445084745954
0.01479410587753
0.00129381485413
0.00640130482718
0.01872602473346
0.02384235706305
0.02218570331548
0.01739399955162
0.00577376260951
-0.00950065364202
-0.00856898948001
0.01194476245949
0.03036717644924
0.03947416519354
0.04518199302431
0.04285293869848
0.0300345929551
0.02057691653617
0.0222012009789
0.02122068583793
0.01280684069833
0.00629597122977
-0.00190343352901
-0.01480418845126
-0.01766444085037
-0.01232868625742
-0.01874821043677
-0.01448506185912
0.01376472359314
0.02370536337591
0.00479576710169
-0.00982255445735
-0.01058553251359
-0.01247506138541
-0.01059212760791
0.00584897780131
0.01961884775021
0.01099710761843
-0.00583080290137
-0.00922056620961
-0.00159639875135
0.00469932799117
0.00821258969397
0.01433800984492
0.01920162721231
0.01093990164099
-0.00669927215838
-0.01171348963604
-0.00010319987022
0.00779346781301
0.00509764218791
0.00396758772848
0.01066161250329
0.01306265317267
0.01445978066423
0.02377608283092
0.02420995679021
0.0075853727858
-0.00814344021086
-0.01722816242961
-0.01980983068987
-0.01638482080525
-0.00669413388483
0.00882468678267
0.0182711713427
0.01472602122735
0.00737352760692
0.00407679069036
0.00035484961559
-0.00977205874591
-0.02020923598678
-0.02597208355354
-0.02878700074088
-0.03357133351697
-0.03800550396295
-0.03353227617224
-0.02076931386492
-0.00513077728342
0.00764799587349
0.01075231727629
0.00315705589013
-0.00941154106704
-0.02330260597683
-0.03430101685379
-0.03601693350467
-0.03021335153181
-0.02334224928276
-0.01595252287953
-0.01302901697931
-0.02049247750688
-0.02431540960041
-0.01630611005182
-0.01028648822612
-0.00994314729259
-0.00775972655074
-0.00607934339518
-0.01250611328783
-0.02248573565476
-0.02240184217556
-0.01100392093278
-0.00335564420203
-0.00166100258995
-0.00059665256589
-0.00050247667998
-0.00222256699103
-0.00294504098456
0.00205046412531
0.01125897569868
0.01816725415495
0.01781747573046
0.00964654787771
0.00099312502597
-0.00237158298553
-0.00398806404154
-0.00468984350197
-0.0036061547378
-0.00471279903707
-0.00889535370323
-0.00577339284779
0.00711784848926
0.01233898098952
0.00832098847462
0.0078633689429
0.01059938544455
0.00905148205434
0.00495377052863
0.00198244494115
0.00070907730408
0.00038837184959
-0.00045795514605
0.00093478208175
0.00298876783387
0.00021689899319
-0.0073890959898
-0.01215980213719
-0.0084106183119
-0.00538635739384
-0.00916308543657
-0.00983968270935
-0.00141294460488
0.00176719472154
-0.00689823427311
-0.01281668888757
-0.01273783871579
-0.01257599421216
-0.00994218348745
-0.00065325480123
0.00792489486876
0.00675400093433
0.00282155067221
0.0005078402455
-0.00219619469598
-0.00300077195622
0.0011309412814
0.00619146808082
0.01064687052776
0.0132501991468
0.01320696127201
0.01287898060411
0.01001339393753
0.00199011699174
-0.00695687686576
-0.00331623326003
0.00942635982369
0.01060463888978
0.01008946786557
0.01914850679881
0.01781890022234
0.00303564270921
0.00037887543912
0.01026819209283
0.01452727733265
0.01523365961933
0.01916644731427
0.01778638745803
0.00933029855712
0.00818357047075
0.01136975267356
0.00541667179337
-0.00208828488986
-0.00130297767083
-0.00135514215935
-1.192498324e-05
0.01390528760248
0.02155595667137
0.0095380561515
-0.00449355660319
-0.01215663188505
-0.01398011686811
-0.00787565190195
0.0023752139244
0.01421012280303
0.02197704051207
0.01997319869261
0.01204169256509
0.00530413895544
0.00405474844651
0.00598973982512
0.00965610308636
0.01530880813278
0.01634969950333
0.00579028671531
-0.00897103766398
-0.01063756384748
0.00296091649193
0.01207117853672
0.01476241750001
0.02025732521619
0.02465288283973
0.02132395644781
0.01682333194022
0.01843962104343
0.01988887281446
0.0138556546684
0.00336715126764
-0.00233351975428
0.00092922514903
0.00427148943223
0.00051015155935
-0.0030197732635
0.00025857578653
0.00307036596162
0.00157700666856
0.00136802441527
0.00108811075067
-0.00040550090982
-0.00290706261666
-0.01221706266963
-0.02208716080631
-0.01480785373958
0.00548151345139
0.0156314323071
0.0140676453273
0.01006061230737
0.00660206119551
0.00116668632891
-0.00663681879738
-0.01257486876255
-0.01319785664731
-0.01225054328019
-0.01308346893911
-0.01069064789097
-0.00385248676406
0.00294016336272
0.0042194419339
0.00181968694422
0.00481855695121
0.00544880267261
-0.00487919989416
-0.01577441492181
-0.01870964812823
-0.01401390460316
-0.00837001524194
-0.00407883953399
-0.00053972623338
-0.00636339717874
-0.01909916280422
-0.02085413679982
-0.01389381690688
-0.00727307769301
0.00037402186189
0.00825189960818
0.01222695329055
0.01001832207327
0.00375006478764
-0.00352779556109
-0.00605204972665
-0.0003777568594
0.00658770918726
0.00700239190701
0.00798220995621
0.01587865135738
0.01715515974648
0.00235706529169
-0.01221906706104
-0.01286387492852
-0.01158747969055
-0.01705792453695
-0.01772892284945
-0.00958148799966
-0.00619867338301
-0.00728615068941
-0.00335403988068
0.00359895347672
0.00357402385855
-0.00587915884415
-0.01659879565
-0.02346800867933
-0.02518818870306
-0.02256991201178
-0.01543852781883
-0.0069929033767
-0.00151700767676
0.00070498527435
0.00057068862517
-0.00333261996803
-0.01044995321555
-0.01573651131447
-0.01702811931749
-0.01810561709852
-0.01458805969396
-0.00207405007384
0.00853223556896
0.00922952939539
0.0034719514383
0.00157968632974
0.00298396093148
0.00442358879496
0.00721362687802
0.00773073763585
0.00374064091512
-0.00191158768423
-0.00687822066734
-0.01127888827665
-0.01459375564092
-0.01504458610496
-0.01477380939394
-0.01621054988309
-0.01421479230762
-0.00660422521084
-0.00525212580656
-0.01138286810163
-0.01180295176719
-0.00753443457263
-0.00697175825965
-0.00990722585056
-0.01139001682826
-0.00925576833376
-0.00660751063466
-0.00663496796821
-0.0047306445864
-0.00195583583695
-0.00446193288347
-0.00720078422499
-0.00649690742758
0.00096726635622
0.01040691739634
0.00957290467837
-0.00100608123424
-0.00162976661489
0.00661251959263
0.00974389421781
0.00958716778217
0.01506998449209
0.02322285463714
0.02182305395017
0.01289486621426
0.01145670527434
0.01244687059009
0.00572095538217
-0.0043327951175
-0.01153977840786
-0.01062202779349
-0.00169893812206
0.00465004057213
0.00507132040676
0.00398040411428
0.00100608022396
-0.00474430960567
-0.00907948089686
-0.00726297895484
-0.00217478488612
0.00050169027964
-0.00013102536925
-0.00309473184471
-0.00823873770733
-0.01191069992885
-0.00874619020816
-0.00047087559048
0.0069679616352
0.01077036286066
0.01195360441193
0.01265916635292
0.01355501010069
0.01295484237378
0.01039699444653
0.00872900336004
0.00828185434877
0.00751602932932
0.00795334025412
0.00931158618932
0.00820205047462
0.00263163054494
-0.00091236239807
0.00128005547491
0.00121075727888
-0.00123320403801
0.00165473139073
0.00611628925903
0.00545099295516
0.00390049517123
0.0028510063355
-0.00077457665303
-0.00423356359878
-0.00463289211457
-0.00437296780906
-0.00607174610515
-0.00723781697275
-0.00391399248436
0.0016705541616
0.00411407600759
0.00296907751704
0.00277058013015
0.00309217988266
0.00130721316002
0.00103238200161
0.00259249641909
0.00286650804004
0.00127913753638
-0.00181012365334
-0.00506985146265
-0.00550858081766
-0.0031001469344
-3.382141772e-05
0.00266059117205
0.00465530007903
0.00566412724868
0.00514778228152
0.0036106403718
0.00310715220156
0.00258889174744
-0.00054206846173
-0.00293405724292
-0.00098493490486
0.000661356422
-0.00122140601236
-0.00221962708226
-0.0001554856325
0.00061691833703
-0.00155493714721
-0.00232151765249
-0.0008339270464
-0.0006623763986
-0.0006008001609
0.00119496623074
0.00232251378653
0.00207567864186
0.00233648795084
0.00283356893845
0.00192148557915
0.000849443501
0.00094724891139
0.0012783262832
0.00156518762913
0.0022972022833
0.00262943015961
0.00206525661475
0.00128006840646
0.00082499477512
0.00081386090618
0.00125340959659
0.00206951796705
0.0025572276166
0.00196270552481
0.00109176250127
0.00086498602077
0.00079046286935
0.00048603157791
0.00027662318939
0.00034615859868
0.00050639756862
0.00064127916872
0.00064833979911
0.00047781761424
0.0003519525426
0.00026450632003
5.181622551e-05
-0.00010826831335
-1.844112838e-05
0.00013038206467
0.00013309251912
4.850827249e-05
-1.906771891e-05
-5.502040278e-05
-6.983301695e-05
-0.00010023856376
-0.00016342752832
-0.00024689737779
-0.00034707896187
-0.00044525554837
-0.00051291103248
-0.00055973983915
-0.00061575227424
-0.00067993664544
-0.00074161855822
-0.0008040224156
-0.00086829690359
-0.00092902450784
-0.00098469122582
-0.00103773081708
-0.00108887027761
-0.00113776570881
-0.00118406553395
-0.00122734038492
-0.00126738133623
-0.00130420212768
-0.00133780114281
