0.00190707153983
0.00190866616251
0.00191715471973
0.00193345191711
0.00191171437308
0.00187175464811
0.00190830508918
0.00193616451334
0.00182257936993
0.00172501036457
0.00181526758444
0.00185870468605
0.00168348430469
0.00155170930922
0.0016095442857
0.00162422261373
0.00157691190449
0.00159473361126
0.00165349036532
0.00163237717306
0.00144920368179
0.00120852335233
0.0012651969133
0.00168110752484
0.00183027465691
0.00155578618478
0.00124493336477
0.00114601705276
0.00115705898641
0.00133594586842
0.00119635960606
0.00081834290318
0.00116125204393
0.00123890483431
0.00011324908457
0.00023588716686
0.00106750976931
-0.00011590752991
-0.0010188491267
0.00023354655496
0.00138030313116
0.00145269176737
0.00094340439976
0.00073292107553
0.00142848591231
0.00198259385612
0.00163659811424
0.00121523543683
0.00069305409407
-0.00140087542063
-0.00356286028744
-0.00205201995332
0.00026857228458
-0.00097098215844
-0.0016998910162
0.00167787807041
0.00350172028775
-0.00063179346719
-0.00314744410592
0.00030350910975
0.00064350824594
-0.00380884275753
-0.0048359418138
-0.00172297505865
-0.00130010524862
-0.00291411233605
-0.00146161555232
0.00031950564841
-0.00134418023971
-0.00127814039206
-5.99661174e-06
0.0007990758928
0.00130402290438
-0.00091346481334
-0.00400925967249
-0.00419924243699
-0.00187922363284
-0.00046212415895
0.0006471401951
0.00140523719456
-6.003033062e-05
-0.00096540906127
0.00092899359333
0.00086011607704
-0.00163653850785
-0.0011246290649
-0.00026657334867
-0.00080557925389
5.832310236e-05
-0.00140938317312
-0.00519552195476
-0.00233783768215
0.00159374677178
-0.00078609220498
-0.00379198323946
-0.00413739928386
-0.00231671883233
0.00029423293986
-0.00010133843313
-0.00151693513881
-0.00147291955206
-0.00175802644933
-0.00289338951517
-0.00133497216256
0.00177943181398
-0.00019634412092
-0.00398688403692
-0.00375515254729
-0.00172158107717
-0.00096591521052
-0.00047346553898
-0.00064078776954
0.00028001024718
4.357787373e-05
-0.00312712337566
-0.00531918603491
-0.00318696213738
0.0013235321794
0.00211153542611
3.0336909e-07
-0.00153244755229
-0.00200119630567
-0.00285257630741
-0.0039180093494
-0.00165539231455
0.00094454965082
-0.00231383347856
-0.00495844407433
-0.00478376904101
-0.00632300626715
-0.00566426060537
0.00171786992222
0.00662713629371
-0.00017374951772
-0.00871837523623
-0.0041884849976
0.00441495698034
0.00782019370533
0.00534997728562
-0.00265452950448
-0.00669859931327
-0.00040863378168
0.00618979910168
0.00325227256436
0.00053337966743
0.00023657496408
-0.00478476517505
-0.00822116493303
-0.00336886267845
0.00121242706624
0.00137576597299
0.00278387538769
0.00512025422851
0.0032726215824
-0.00197181863584
-0.00092631979176
0.00472585384846
0.00380592103376
-0.00043602282044
-0.0032783478377
-0.00532247954096
-0.00485643631187
-0.00262457274333
-0.00054731463296
0.00544658410228
0.00854819593968
-0.00155893259436
-0.0075853404569
0.00141836636241
0.00727389197703
0.00620223764354
0.00465098013061
0.00168985249059
-0.00300840157514
-0.00465743984768
-0.00140093199619
0.00238164333314
0.00714731425533
0.00637305745629
-0.00183601061088
-0.0075328565185
-0.00294417416609
0.00230201726791
0.00380530880534
0.00648015701952
0.00280939702873
-0.00500338729827
-0.00408297359128
0.00433491872171
0.00639458041729
0.00064348723216
-0.00265103798395
-0.00232400899786
-0.00209208353487
0.00220841905892
0.00415194324492
-0.00354196167821
-0.00841092341583
-0.00325764320183
0.00025679951588
-0.00058068047594
-0.00079833293442
0.0002131211599
0.00219997111488
0.00258107017572
0.00122967311665
0.00293858126748
0.00287288087322
-0.00090840594764
-0.00324480863102
-0.00723271304865
-0.01118776120748
-0.00685853843273
0.00168769837599
0.00399249916165
0.00368298233317
0.00610570154634
0.0097501842082
0.01565446260277
0.02443167238445
0.03136143137005
0.02891758926595
0.02287495532959
0.02510073904555
0.02843091818211
0.027425691643
0.02763726404684
0.02861707199326
0.02728881918921
0.02790731133719
0.02850309243734
0.02770309375667
0.02576899748431
0.01985901708111
0.0103863622816
-0.00114205433862
-0.01399673796059
-0.02581496513006
-0.03734462055308
-0.04942463498056
-0.06031337008558
-0.06867693571322
-0.07030891847378
-0.06308151140481
-0.05293793709449
-0.04759427404592
-0.05120704812471
-0.05748519805182
-0.05447751983568
-0.04120283155188
-0.02898002444195
-0.02077533512138
-0.0175748009103
-0.01735489775466
-0.02152926512849
-0.01842049042057
0.01916947006584
0.06264889019016
0.04148136517684
0.00212514589036
0.04461934904023
0.07283855337959
0.05237872805536
0.04888833904486
0.05813777697712
0.05853703881456
0.05369922192492
0.04465836597384
0.02900705947932
0.01339723903767
0.00447182148383
0.00178211592038
-0.00260404187526
-0.00966188591723
-0.01521403193973
-0.01701108805217
-0.01420751628598
-0.0003865198081
0.00881759261105
-0.00819151933749
-0.01014329749417
0.00178143701361
-0.01618009606521
-0.02506907693526
-0.00588438804271
-0.00065799886433
-0.0152362014786
-0.02730150827999
-0.03228094592969
-0.02890554675304
-0.01795422897145
-0.01011614930567
-0.01649240328133
-0.02058851452679
-0.01616241822201
-0.01539167921072
-0.01761407041339
-0.02228834755304
-0.03362578749733
-0.0309917302648
-0.00416517182412
0.01845639569816
0.01774071683399
0.00416237335426
0.00648740071227
0.02222259866544
0.02942010150771
0.01946088271383
0.00827409339372
0.00564255377379
0.00488831664219
0.00380121920028
0.00553505818161
0.00506807135294
0.00403651495045
0.0104770670546
0.01894832224779
0.02140797116036
0.01329838132178
-0.00072696791181
-0.00280086826246
0.01572636408296
0.03296922807699
0.02953884957546
0.01346528529728
0.00935294090606
0.00819220632648
-0.00954271959442
-0.0263162246272
-0.02498277899459
-0.02359180813672
-0.02857340778118
-0.02228535713037
-0.00849698293092
-0.00520403455659
-0.01392394743582
-0.01565559815516
-0.0042066619181
0.0087045162436
0.01197594973916
0.00221386445696
-0.00655576015804
-0.0051674382489
-0.00095606035343
0.00123931359276
0.00871195795082
0.01937402305863
0.01336783590883
0.00378411923606
0.00673143334596
0.01271384461498
0.01001470527828
0.00342418145672
0.00336731695322
0.00672357540423
0.00435021028844
0.00727510026943
0.0090054679358
0.00218492605596
0.00145116927853
0.004822383884
0.00470195673434
0.00637864025213
-0.00089645981525
-0.01624260802233
-0.02205077059531
-0.02067994467934
-0.02141017356625
-0.01482132680604
-0.00771113420292
-0.02183238891823
-0.03569445278981
-0.03556681427629
-0.04026001998321
-0.04139126859115
-0.02960476010753
-0.01716973603644
0.00311167218501
0.02410854509172
0.02834025584078
0.01956018697256
0.0098096895782
0.0031955070681
0.00734822216536
0.01688582167123
0.01567230006988
0.00737634830289
0.00928670708505
0.00556179013561
-0.01091765936211
-0.01306193587534
-0.0082234138117
-0.00131526487306
0.00489357614908
0.00267788915074
-0.00720424543717
-0.00486891122373
0.0115628693202
0.01458569766416
0.00161326534137
0.00194211242362
0.02205576136828
0.03785386124585
0.03915412935127
0.03375847740049
0.04038656739656
0.0607498101508
0.05897729773036
0.02106284001434
-0.00364403813957
0.01504584693182
0.04385600324282
0.05214891003213
0.041831891207
0.02984468091005
0.01009529110755
-0.03021763511023
-0.0684254573312
-0.06802534686029
-0.0547523154323
-0.06464433053836
-0.05899760431672
-0.03283229500653
-0.01875498940167
-0.02130173033337
-0.02600679670318
-0.02435820497347
-0.03253020170027
-0.04621550734543
-0.02518729965849
-0.02889934364656
-0.04956916534105
-0.03488960477509
-0.02712957918208
-0.04017533848722
-0.03180482214742
-0.00944584404383
0.01245304540879
0.02119199394475
0.01697678709593
0.01914487383938
0.0188607796447
0.01621684593515
0.02749283471414
0.04514685555795
0.06798241004832
0.07125445779286
0.04873982818934
0.03223188683347
0.03829545372851
0.04440424066364
0.0418810109199
0.04792507945091
0.0609761326124
0.05871563574681
0.02895052432643
0.01499606649715
0.02449901751118
0.00807408463105
-0.01703937785473
-0.01583431834131
-0.00316894079968
-0.00632611590261
-0.01426145300404
-0.01253891903273
-0.012962284081
-0.02108809696256
-0.02989567973989
-0.02343499279662
-0.02751009026116
-0.04592497161868
-0.05677040621166
-0.03609712936665
0.00618544278325
0.01759705733307
-0.01056745864144
-0.0671217138697
-0.07911749132348
-0.00732311271771
0.06104487192267
0.05403978661471
-0.01311009380364
-0.05326108459278
-0.01524952906503
0.0377402858011
0.05554603018425
0.06340415376414
0.088656434499
0.10314879056477
0.06954555247081
0.01937345326188
0.01201791870487
0.02906939362752
0.04691825667267
0.05807594796788
-0.00325958697656
-0.10662859186257
-0.13262090118025
-0.05502090792244
0.05215769945011
0.12097538708437
0.10375542204987
0.03496070813571
-0.00932655244656
-0.03601412493202
-0.08196483843233
-0.10309597323465
-0.05688703269576
0.00529170243414
0.05009158005801
0.07441687017657
0.06174248903804
0.01181906165904
-0.05639516878337
-0.11870003913322
-0.12796293396749
-0.07502220850592
-0.02357673479002
0.00818359471742
0.02153152815105
-0.009776348386
-0.04134683656785
0.00887412372283
0.10070826217227
0.1606859775188
0.17255179281983
0.15121138904734
0.12217163697425
0.07831846250963
0.0384736869607
0.0257285661616
-0.01134658700066
-0.07698198604324
-0.09717131955482
-0.04215916063924
0.00559226011794
-0.00034130966873
-0.00934038719251
-0.00145095368522
-0.01539974729026
-0.08239048872927
-0.14558369646188
-0.16550882208953
-0.11213719288579
-0.01228686681284
-0.01697971084026
-0.06621238291158
-0.03509044802732
0.0089025004093
-0.01115407045911
-0.0525908864204
-0.04697168016954
-0.02172653199686
-0.05726560404122
-0.10148274123246
-0.07617564281718
-0.04480885697411
-0.06654522907799
-0.11515048824721
-0.12459561701427
-0.04702890231143
0.04442769931714
0.0526396626388
-0.00903049454065
-0.06242725541815
-0.06928150623135
-0.06938592855806
-0.06402798017958
-0.0351237265823
-0.02492030340747
-0.00608047086534
0.04916149799124
0.0789623732503
0.07861138249229
0.09936845178871
0.12859548918424
0.12746571558207
0.07467348077047
0.00061897283822
-0.04013563456462
-0.06841953710253
-0.08384165194614
-0.07697471204215
-0.07851900267849
-0.04788515326717
0.04393910870524
0.09919223911238
0.10062529814876
0.09675530730931
0.04093339042828
-0.05033592587786
-0.1008467712763
-0.09294678177905
-0.09380487144062
-0.06385015105856
0.02634871516538
0.08330763923855
0.12202114597398
0.11111244777709
0.05375486803324
0.04092274209891
0.05642143600951
0.05059459743874
0.03092676939398
0.01294402835883
0.00512278396445
0.02030965761289
0.04722400718503
0.06690460514281
0.06838328833045
0.04368621593411
0.01026418331001
0.01241664509501
0.04616479139341
0.06639508157222
0.07181867781051
0.06991450597039
0.04269345622464
0.01198724868751
-0.00788802780658
-0.05732335152763
-0.12101818245743
-0.15695465742785
-0.13378538793205
-0.03644135126254
0.0406756483231
0.04394373577815
0.00872689187916
-0.02538600112151
-0.04520522941667
-0.06818887044584
-0.07695305168336
-0.04139361243595
0.01006771052009
0.0409027992126
0.05910297630469
0.07013650444245
0.05837325255675
0.03344502857032
0.01298394443979
0.01232742138946
0.03747161248872
0.04384202099629
0.01200685212044
-0.00712078839803
0.01920389225542
0.06003515974956
0.07814687690621
0.08389204460922
0.08084250047571
0.05047683944336
0.00303713589999
-0.04450294481728
-0.08727934485987
-0.10813825017151
-0.09788799051192
-0.05793685290265
0.00174082848815
0.05710668732303
0.0532914131362
-0.00469569099062
-0.0363249874507
-0.03938978678094
-0.0623584554912
-0.08039733160919
-0.07165668984741
-0.07338622504477
-0.0238740393789
0.09517020144465
0.10717208097713
0.01134372185245
-0.0469573140174
-0.04159770878311
-0.03367573563813
-0.03584330713983
-0.01252563589852
0.03654254069988
0.05383090155016
0.03245671408373
-0.01015792833913
-0.05571313015366
-0.07106684918149
-0.05775265903068
-0.01769653333905
0.03880330023773
0.07359549401493
0.07860439136902
0.07292155781421
0.07001555396882
0.07444584494756
0.04366613160889
-0.02325504209195
-0.03931256113606
0.01529162532577
0.05540669265231
0.04384822410277
-0.00415172502489
-0.03529296834092
-0.0455316300099
-0.05957429116402
-0.03972150143606
0.03071622747363
0.0590843871908
0.02696118605691
0.01864172108141
0.03862664303911
0.02641511063086
-0.01061878076023
-0.02106271878099
-0.00282261550515
-0.00395910745555
-0.03417335813471
-0.05555936585291
-0.05060288171775
-0.02888968538956
0.00061012926935
0.04333243680902
0.08231249527317
0.09243135818535
0.07536499580714
0.03329708347043
-0.00557043003246
-0.0077797361154
0.00329113391517
0.00838802243575
0.00500056054063
-0.01108241750729
-0.01698848005268
-0.01029268931205
-0.02062838009386
-0.03786521676977
-0.02524492591154
0.01854612656324
0.0481034137109
0.03842240525303
-0.00446881085561
-0.02312744398955
0.00875606466464
0.02351757291451
0.00267190224374
0.00028021109043
0.00966929529555
-0.01560124722315
-0.04341010697618
-0.04523513364336
-0.04652796610323
-0.06052336645585
-0.06056092858924
-0.03894488058667
-0.03193486512241
-0.03398964919615
-0.00350293262126
0.04265437867436
0.05657263420433
0.031088211807
0.00111598148994
-0.02474750547054
-0.03656119043045
0.00019145259766
0.03485600293117
0.03776245129885
0.03917960856064
0.03676191244933
0.01821015661747
0.00410292253926
0.01251739809229
0.02516509374961
0.02366996323729
0.00668055372891
-0.0151063969292
-0.03146207525731
-0.03452564204847
-0.01891180878289
-0.00556893482112
-0.01104948850848
-0.0028444334673
0.01901744142256
0.03300167820406
0.04017196415894
0.03992701217233
0.0326171058077
0.0217922606789
-4.075109588e-05
-0.02725966256818
-0.04248368211552
-0.02299826985358
0.01976026039301
0.02961453959788
-0.00694234502803
-0.02833269896187
-0.0051061568103
0.01228507053868
0.00629519735688
0.0151891689999
0.03675869976552
0.03833441004544
0.02953361633579
0.02856799269148
0.02386151193258
0.00157441207278
-0.02332541805247
-0.04650111291589
-0.06358012397377
-0.06533691646964
-0.06287222222909
-0.04279709053457
-0.01308983369006
-0.02144480589364
-0.03332034006835
-0.01526325672153
-0.00123963748787
-0.00169525384051
0.0026771314423
-0.00210921784854
-0.02002561393211
-0.01766217580725
-0.00455241135421
-0.01337127287434
-0.00434101069762
0.01131962470329
-0.02018023898967
-0.04693676496433
-0.03300586075469
-0.00827713230973
0.00834280441621
0.00081042090983
-0.01554236620491
-0.00776908576547
-0.00566083374263
-0.01116522796855
-0.00122306064555
0.01385546877726
0.03277919479859
0.05084486348725
0.04274962767748
0.02083752783067
0.0095906633438
0.00207244373193
-0.01265373509878
-0.02974799731227
-0.03971269181252
-0.03297983599524
-0.01693944520313
-0.01372537124726
-0.01799558570874
-0.01750262261396
-0.01563093322981
-0.02677844698516
-0.03847259586053
-0.03399367010231
-0.02926627659028
-0.03663704209734
-0.03377886480909
-0.0219574209147
-0.0172465454468
-0.02058540287077
-0.02163821350033
-0.02023164395124
-0.02308097120482
-0.01016961523421
0.00502479508758
0.00821637217454
0.02000251089644
0.0331424301251
0.02945420849059
0.01402381947075
-0.00059131829842
0.00227326677861
0.017521470359
0.01226547922909
-0.00336402950884
-0.01294858471229
-0.01346924760732
0.00201637350894
0.01934319543791
0.02060219368995
0.01621294626234
0.02024461591984
0.01106060358625
-0.0139033458483
-0.02874784236836
-0.02356927893891
-0.01294752594102
-0.02795463275538
-0.03643108683878
-0.00075505586084
0.02984251891528
0.0162552243731
0.00121228865817
0.01667062843129
0.03308375318299
0.02624734387801
0.00157926181095
-0.01383415393352
-0.01646833441995
-0.03435458178957
-0.05432260381808
-0.04103649939369
-0.01007030491382
0.0109335570956
0.00464424763849
-0.01215255642388
-0.00481789016777
0.02068265222419
0.02500207530303
0.00678804123886
-0.00225170744761
-0.00146971858747
0.00699336406344
0.01328056406023
-0.00021468507014
-0.00206217122595
0.0163625037658
0.01917336973864
0.00423975256138
-0.00863031132973
-0.01061196946643
-0.01554404932793
-0.03540620029118
-0.05041357583946
-0.03687571015523
-0.01091780686269
-0.00224186329947
0.01020755319099
0.02316908764577
0.01776755587744
0.01437371912859
0.0254289783446
0.03845061221281
0.04328176126812
0.04195003310799
0.04188523388164
0.04577041930114
0.04598180985495
0.03209648938545
0.02338518609473
0.02891928653287
0.02250036447917
0.00267645657664
-0.00165519490624
0.01191118890337
0.01799657780167
0.01919877620799
0.02926827694058
0.03852755497986
0.03901361989694
0.03249659985636
0.02312928269538
0.01895733796802
0.01769279531071
0.01045758283447
0.00554236047048
-0.0020603749518
-0.02405219178885
-0.03652987181465
-0.02997741122433
-0.02806929930029
-0.02830063274042
-0.01695746654083
-0.0193266167771
-0.03372661323462
-0.01925666917442
0.00464610452932
-0.00466747594863
-0.02406504252411
-0.0132947827118
0.01300151721408
0.02159283181577
0.00181232100784
-0.00968664378815
0.01288514734058
0.02514159468499
-0.00031750166111
-0.01469559165614
0.0130759120602
0.02733272586799
0.00864041006791
0.01158902137466
0.03596227746872
0.03404428502654
0.00542764341167
-0.00617103419943
-0.00771371849387
-0.02150962532555
-0.02636530392897
-0.00129101274726
0.0157767587666
-0.00450649422235
-0.01515152200316
0.00844736616128
0.01184676145929
-0.01318395724357
-0.01117537520007
0.01075410142712
0.0245738791057
0.02987830295952
0.02348617347649
0.00804860744224
0.00058218518389
-0.00923804401777
-0.01811711810246
0.00159650644697
0.02155256213753
0.01702205562937
0.02574689260322
0.04656811454812
0.03429295483592
0.01585043025372
0.02791949528901
0.04247034644686
0.03807814294603
0.02891221458737
0.02047786888803
0.02324219135669
0.01940658431627
-0.02918646463391
-0.07681640149071
-0.05808782883632
-0.01677234927483
-0.0031356582036
0.00966871539602
0.01734475860537
0.00400359605442
0.00801125140555
0.02848502866797
0.0180978318968
-0.00428635466167
-0.00219514400694
0.0022406307604
-0.01014599493624
-0.00917158591507
-0.00415476192034
-0.0183470593796
-0.02870072300576
-0.02885592190118
-0.03533036882984
-0.03279604623444
-0.00168946333153
0.01746886720781
-0.00480334822727
-0.02380859357467
-0.01824586388059
-0.01373843212032
-0.00493746262231
0.00864431984349
0.00664652756827
-0.01121059955034
-0.0217205107404
-0.00286034736523
0.01655268858589
-0.00285438874601
-0.03068791948607
-0.02617472510049
-0.01889565645936
-0.02226436355501
-0.01390690404717
0.00191507092047
0.016566818333
0.01344004249295
-0.00456210396066
0.00039177042455
0.01243352481865
0.00887168895303
0.01347249262002
0.02980994755486
0.03512008958175
0.01969757062698
-0.00110452089712
-0.02320723574036
-0.03681569964626
-0.02386383557182
-0.01115105174866
-0.01477303956216
-0.01069202186895
-0.00015586600214
-0.00969495635495
-0.0306695122222
-0.0269279277075
-0.01772926432339
-0.02715326009673
-0.03203522613185
-0.02123288999531
-0.00564857503025
0.01477889715359
0.03383309652831
0.03796254694542
0.01968299837813
0.00237289432628
0.00460072890643
-0.00344702990235
-0.02980200677034
-0.01331331929124
0.03411237775893
0.03252810032218
0.01777318716662
0.02575762175483
0.02233690151029
-0.00123358956007
-0.0217908462898
-0.01932541656692
-0.00470242146218
0.00148585414038
0.0096216566501
0.01768532531571
0.023190727799
0.03066080362646
0.02156264471125
-0.0003809222622
-0.00453531138999
-0.00254036203686
0.00094716000693
0.00999695671563
0.00895458225708
-0.00039547450754
0.00375679121809
0.00960006903132
0.00261209581091
-0.00334047790976
0.00062268581167
0.00617550568955
0.00692857696042
0.00261023487897
-0.00512220002381
-0.01614603757567
-0.02478320869254
-0.02058705972657
-0.01688038637597
-0.02967927820755
-0.02930868805773
-0.00606187568979
-0.00440098281603
-0.03181684445477
-0.04188234448676
-0.03329088036395
-0.02669810968426
-0.02114691534357
-0.01900952892582
-0.01376979922945
0.00137421903542
0.00897742464105
0.00796036774739
0.01361359611778
0.01807556537125
0.01192237672115
0.00525981200104
0.00305125150321
0.00419011962729
-0.00626549720633
-0.03145031562222
-0.03857390653123
-0.01947157549543
0.00297816395673
0.00560905901934
-0.00061764614125
-0.00462763058712
-0.01091502253672
-0.01097344488878
-0.00706082234129
-0.00461937055477
-0.0058749176974
-0.01525471583192
-0.0179600400901
-0.00455962675918
0.00791808761607
0.01003987938371
0.0053909319323
0.00378678030813
0.00664441810796
0.00770289033502
0.012605415526
0.02182766081753
0.02266821205425
0.00892379706804
-0.0050578291553
-0.0088359271349
-0.01118298663399
-0.02178682538365
-0.03287654517981
-0.03133366893257
-0.01603994829038
-0.00074874667517
0.0034910436706
-0.00328286984171
-0.01332773797784
-0.01851391486176
-0.02344016541961
-0.0258864523963
-0.01547805797363
-0.00488310360807
0.00062769961897
0.01043321088972
0.0169367093705
0.00985444893156
0.00662038157547
0.01898478115768
0.02464504308301
0.02153457919039
0.02404342257643
0.02382146451548
0.01683797086741
0.01594926170238
0.02522152787471
0.0256544723783
0.01322456233408
0.00991090528277
0.02187888190851
0.02533710366976
0.00890202557867
0.00251017291179
0.01847122253704
0.02562309314583
0.01491963493073
0.00901341276143
0.01517099207941
0.0192354452557
0.01694152233455
0.01476000495632
0.01460071443529
0.0112381659939
0.00540401705203
0.00452271322422
0.00873762507188
0.00682951112728
-0.00135524540975
-0.00351787059072
-0.00427561540729
-0.01280495349915
-0.02267322303278
-0.02513662411758
-0.01794497886673
-0.00731176325546
-0.00738894444811
-0.01921710669073
-0.02235999646375
-0.01980938010591
-0.02941201928428
-0.03657822371632
-0.02653533370438
-0.00756181108394
0.00795288764961
0.00721082840816
-0.00377351940003
-0.00462211042852
0.0011765179496
0.00617754240985
0.01088342710478
0.01257088220584
0.00762194888793
-0.00265814023779
-0.00897974019806
-0.00823672725425
-0.0093936955177
-0.00948788979067
0.00015554794644
0.01262451381997
0.01519922328585
0.00769416759539
0.0037902738492
0.00618668138399
0.00992704346241
0.01149522111009
0.01180697267335
0.01585388742479
0.02067087238354
0.01866027584585
0.01322389959176
0.01113091286843
0.0092189093538
0.00189646887502
-0.00559594965294
-0.00370392337408
0.00682659950629
0.01347775212692
0.01479783986475
0.01084738240883
0.00111208302947
0.00105514659418
0.01012777962518
0.0096128409649
0.00322701561614
0.00535353144338
0.01050481938931
0.00844859263869
0.00967357685342
0.01631365682795
0.01971238938364
0.01571852634679
0.00917742330094
0.01108025753308
0.02150594791389
0.02466652159177
0.01547083044533
0.0006037576485
-0.01694101113392
-0.03039041284161
-0.03251415848676
-0.02386807873912
-0.01239957139802
-0.00150940351685
0.00315963007829
-0.00251007592511
-0.01026264364645
-0.01147766854136
-0.011924379092
-0.01359838335273
-0.00989724026351
-0.00394019303216
-0.00130181059777
-0.005067024705
-0.01318056473029
-0.02102865220923
-0.02829909711796
-0.03441127858694
-0.03134401417856
-0.02077626457707
-0.01386044338578
-0.0075193854726
-0.0026633856008
-2.44962493e-06
0.00631280448062
0.01385572740841
0.01847021225912
0.01967654068161
0.01781728983932
0.01218225455387
0.00100484465405
-0.01228568478766
-0.01474478208849
-0.00505287273178
-0.00019819642509
0.00512163224761
0.01688647229022
0.01704257639466
0.00701573161678
0.00153215457169
-0.0013290250605
-0.01012429416633
-0.02088660713245
-0.01930142650722
-0.00904690145421
-0.0081482996477
-0.00538309621668
0.00822692351723
0.01786261494831
0.01629329164546
0.01407753594822
0.01320093395389
0.01262767598988
0.00978381636045
0.00316974498092
0.00026957064123
-0.00042156675356
-0.0061624852276
-0.01290228771592
-0.01298239467345
-0.00763229009281
-0.00376739711579
-0.00097902255636
0.00811519081942
0.01697726192656
0.01160955022218
-0.00115583048845
-0.00842476018235
-0.00840667620742
-0.00387694963382
0.00135359097862
0.00580945774929
0.0102842373269
0.01333783469546
0.01272430705321
0.00840048118316
0.00071869232118
-0.01105559866939
-0.02169288974183
-0.02316793592893
-0.01694166983513
-0.01211393956033
-0.01034204138887
-0.00314151781559
0.0078714248991
0.00820710792593
-0.00386531729375
-0.0169381237596
-0.01911267022013
-0.01088695701586
0.00085965862319
0.01064176256255
0.01433750066485
0.01002706501847
0.0022065662092
-0.00180813845721
-0.00467157767702
-0.00464325756612
0.00106471251178
0.00281557992965
-0.00334590108169
-0.00455287002039
0.00095352576816
-0.00184437551007
-0.01066993517287
-0.01267979218712
-0.0107534568698
-0.00973474109978
-0.00182938823905
0.00425048777465
-0.00191167719485
-0.00673056248638
-0.00498057926375
-0.0021756921157
0.00441631883498
0.0101849270065
0.00809203322873
0.00420367351598
0.00275301341753
0.00241615038607
0.00023795581195
-8.323493964e-05
0.00699078179305
0.0107597185724
0.00546448016551
0.00292655693957
0.00388623206743
0.00585478285828
0.01303975623369
0.02163170731046
0.02153041684533
0.00976131140931
-0.00418613307058
-0.01047489091594
-0.00652253009641
-0.00109339894946
0.00213962317308
0.00674419113564
0.00890444620459
0.00690104890742
0.00827836080769
0.00963811811867
0.00332262831932
-0.00635584232039
-0.00895382454863
-0.00595689973077
-0.00685557629784
-0.00761552756141
-0.00755129004959
-0.00883678587114
-0.00333795221494
0.00632917300362
0.01116053219674
0.01096526971978
0.0059686755303
-0.00238165949759
-0.00614350008476
-0.00339143026682
0.00096067873795
0.00682056814706
0.01319856788298
0.01181819079947
-0.00083874809268
-0.01255677468484
-0.01333126990947
-0.00864086267242
-0.00912367449457
-0.01638166671755
-0.01837213043668
-0.01439101912785
-0.01408179730052
-0.01291100035278
-0.00794219284745
-0.00162452468683
0.00235673594108
0.0011278231596
7.447534506e-05
-0.00088031739245
-0.00729257201593
-0.01472227107568
-0.01551953594427
-0.01082931661891
-0.00386464646921
0.00585284514522
0.0117534198609
0.00432457953739
-0.00370385467518
-0.00131116718578
-0.00220519021066
-0.01153094453765
-0.01339142993958
-0.00086164058643
0.00422378410843
-0.00176487330491
0.00332975886094
0.01502932888768
0.01282512874939
0.00047888608418
-0.0036652438733
-0.00142257740287
-0.00308206700059
-0.00654571799543
-0.00498950810009
-0.0028532814814
-0.00475795643993
-0.00516909106359
1.698217592e-05
0.00469195094173
0.00829130246796
0.01310743071102
0.01264069847239
0.00817609845519
0.00784331694657
0.00580105627803
0.00230839212164
0.00182087826395
3.243430612e-05
-0.00191943107795
0.00275793953271
0.00756760401758
0.00469066788876
-0.00094187766776
-0.0057088744787
-0.0119458515391
-0.01556199186395
-0.01068470341563
-0.0015981622925
0.00529073862899
0.00710169010407
0.00588380814318
0.00399611595663
0.00344081669309
0.00288576393737
-0.00035839367056
-0.00339641295757
-0.00199318500375
0.00078015439748
-0.00144870521066
-0.00343452468215
0.00277264513824
0.01014592623734
0.00939322674874
0.0059060484015
0.00667623378049
0.00910674829815
0.00675254411356
0.00437385079197
0.00666871933325
0.00806574377647
0.00535642892048
0.00315316227899
0.00536236127247
0.00926077123006
0.01005822198979
0.00649302998089
0.004578484607
0.00663678242737
0.00703694745328
0.00733055442494
0.0112578623724
0.0141103841248
0.01332615790316
0.01228104761197
0.0109313829775
0.006465560524
0.00164631395708
0.00170208938097
0.00496429358354
0.00448521574861
0.00086580555822
-6.288711373e-05
5.052022078e-05
-0.0019178012976
-0.00370707746177
-0.00563359664967
-0.00858467505513
-0.01092172674105
-0.01079007136249
-0.00921709893576
-0.00902923977546
-0.0086505997311
-0.00692129689767
-0.00605439357145
-0.00599298685838
-0.00506830775797
-0.00321758972307
-0.00174743408936
-0.00159630257289
-0.00110575646702
0.00106613195227
0.0032784852355
0.00314092175161
0.00061476402037
-0.0001006167714
0.00146080429914
0.00133466665451
-0.00122304650166
-0.00319447860517
-0.00257074513529
-0.00148235655819
-0.00252907521184
-0.0030530093868
-0.00202662762786
-0.00244458566866
-0.00389413446139
-0.00392442663481
-0.00235624292546
-0.00154156733115
-0.00216006311614
-0.00266824907875
-0.00231983655001
-0.00201084223728
-0.00238815154356
-0.00242456802178
-0.00178151722968
-0.00145234342354
-0.0015715008559
-0.00163910905901
-0.00159372899089
-0.00144271931394
-0.00112384145223
-0.00079840223948
-0.00061131068836
-0.00055226681331
-0.00060403305027
-0.00068066586405
-0.00071797461974
-0.00071078588611
-0.00067496324926
-0.00061183785138
-0.00049859337368
-0.00034854103609
-0.00021821578944
-0.00014424115833
-0.00010640069337
-5.888447339e-05
-1.303130627e-05
3.135009605e-05
7.93943883e-05
0.00012187204916
0.00016141020535
0.0002018147759
0.00024316015767
0.00028231509525
0.00031712927267
0.00034921307296
0.00037861963675
0.00040503456553
0.00042927396182
0.00045163464527
0.00047192951242
0.00048999732289
0.00050567057262
0.0005188223707
0.00052941998412
