-0.00317130981714
-0.00316293469569
-0.00315460317816
-0.00314633706649
-0.00313815300944
-0.00313005497101
-0.00312206514955
-0.00311409276966
-0.00310613664213
-0.00309831449752
-0.0030908689321
-0.00308353079086
-0.00307533603104
-0.00306484413809
-0.00305141413456
-0.00303557798814
-0.0030185244999
-0.00300078643031
-0.00298219967013
-0.00296228259436
-0.00294605995876
-0.00294700774915
-0.0029800404839
-0.00304254827096
-0.00310458870341
-0.00313028884652
-0.00311587616948
-0.00309988899498
-0.00313395831354
-0.00324121639451
-0.00337849021623
-0.0034575001003
-0.00340736353461
-0.00321522569082
-0.00295531151874
-0.00278608673557
-0.00279315730737
-0.00285720114117
-0.0027498051133
-0.00231234336129
-0.00163208870971
-0.00102901812766
-0.00077332679583
-0.00089777750115
-0.00123522259203
-0.00160716669815
-0.00205430891403
-0.00281858076386
-0.00408437009148
-0.00562853905321
-0.0068968855518
-0.00743946482931
-0.00717185179276
-0.00628066323844
-0.005000928192
-0.00346354201628
-0.00167383945118
0.00039552046146
0.00245660966419
0.00380937055299
0.00389898054698
0.00280980924326
0.00110185330202
-0.00081832285722
-0.00297869589796
-0.00564979794013
-0.00889304072714
-0.01178223167689
-0.01276115922116
-0.01086589555989
-0.00641611679523
-0.00133795696579
0.00168936957745
0.00139606313658
-0.00098644525434
-0.00302422709821
-0.00297441637263
-0.00092475563514
0.00117848756593
0.001108936955
-0.0019390146329
-0.00642138890405
-0.00947207287136
-0.00909698809469
-0.00532422341849
-0.00025013429129
0.00301595583335
0.0024378809931
-0.00182185806852
-0.00725240010197
-0.0102644510072
-0.00896107471488
-0.00514005636899
-0.00275091582374
-0.00434104647522
-0.00806282232754
-0.00916851039504
-0.00422052527477
0.00636805736113
0.01758600294254
0.02306054092229
0.01983391122406
0.01101014917801
0.00358030773109
0.00261491880371
0.00667435102767
0.00955164207464
0.00611291900613
-0.00302693767566
-0.01243268305767
-0.01702215288613
-0.01631926582453
-0.01397384334978
-0.01350470890854
-0.01452196428754
-0.01381167248965
-0.0086516930989
0.00098553313987
0.01224709689918
0.0219298559238
0.02961419236989
0.03753409298049
0.04814327251672
0.06215308909022
0.07707422733135
0.08786742328539
0.09085452879152
0.08637922192099
0.07908187015433
0.074930936716
0.07721352199599
0.08518487125349
0.09515331911634
0.10291100922689
0.10730667950628
0.11105281012296
0.11493534169042
0.11550532404183
0.10840819349062
0.09078424722054
0.06288690321424
0.02867284346593
-0.00167922532656
-0.01503856752813
-0.00587473464318
0.01829809042862
0.04341652965933
0.05913962303999
0.06376361923524
0.06226828268596
0.06098664492356
0.06345058281901
0.06957558407152
0.07720563365272
0.08342668242157
0.08423838898042
0.07678878029661
0.06249763923964
0.04642135420789
0.03335295789019
0.02503596442159
0.02012724263808
0.01556648003674
0.00786663249155
-0.00386830440522
-0.01496806000964
-0.0190907301879
-0.01546810169335
-0.01002493077908
-0.00964557281947
-0.01642791487015
-0.02580229120467
-0.03100720640414
-0.02890864546994
-0.02386784745047
-0.02461270525507
-0.03691749012393
-0.05952333742636
-0.08311031625239
-0.0959389426105
-0.09233004538282
-0.07626149013468
-0.06020653137771
-0.05455768479556
-0.06066801927917
-0.07252741005245
-0.08142684866203
-0.08134970938559
-0.07211182517366
-0.05960111094145
-0.05258615393601
-0.05542195388296
-0.0641637049069
-0.07102731671326
-0.07067412506217
-0.06260629224925
-0.04987950083521
-0.03722797372958
-0.03012299051103
-0.0318722445059
-0.04179363186054
-0.05628665900943
-0.07028371153
-0.07815540603881
-0.07676337111049
-0.06710585874834
-0.0529714142791
-0.03828373532294
-0.02584440465137
-0.01836122492275
-0.01699863056
-0.01841612224235
-0.01679089361649
-0.00834885603304
0.00617894721412
0.02066250042311
0.02722824600907
0.02209455184658
0.00743074404781
-0.01085513332271
-0.02713248786411
-0.0377778626076
-0.04051944640233
-0.03481403762411
-0.02084061049345
0.00055448948666
0.02602171795939
0.04929544631364
0.06520468873959
0.07254461377597
0.07276096843721
0.06798848111682
0.05941004654658
0.04580653911154
0.02797833231858
0.01355767972822
0.0114300270597
0.02456030128619
0.0459436535808
0.06063337399263
0.05679559589028
0.03311607371648
-0.0027132055789
-0.03879613276845
-0.05990835992996
-0.05338810907554
-0.01588765849171
0.04402361497207
0.10899910571765
0.16121918502988
0.18833217401934
0.18863062294651
0.17038076240362
0.14688166527125
0.13072463373071
0.12681237222629
0.12985406189668
0.13034444729686
0.12127566696636
0.1009550568543
0.07226610372653
0.03858296119246
0.0031401524468
-0.02791316033277
-0.04856345562576
-0.05758296354074
-0.0608858406173
-0.0681696355327
-0.08556018197768
-0.11200868705612
-0.14116673894921
-0.16297741350173
-0.16832452104369
-0.15233817898122
-0.10926417783559
-0.03565518474853
0.06204138380708
0.16770368068012
0.26180083387596
0.32998862449016
0.36572234384017
0.36868075004715
0.34031248383939
0.27943790095822
0.18775561144189
0.07675750440293
-0.03003522773712
-0.1110091665755
-0.15990333802001
-0.18610227018764
-0.20505728519532
-0.2254619715691
-0.24232205665887
-0.24540469436243
-0.23097318836308
-0.20492357975883
-0.17796649455879
-0.1608277408599
-0.15926703808923
-0.17324653012703
-0.19992581879611
-0.23386896350286
-0.26776089343821
-0.29615306251529
-0.31616761283632
-0.32439923778193
-0.31839735810835
-0.29827027006595
-0.26666183712866
-0.22816692015351
-0.18933117918104
-0.15709247158019
-0.13488083927787
-0.12233658967677
-0.11831175081106
-0.12147073499273
-0.12981731569459
-0.13877752229532
-0.1383884565203
-0.11533122553099
-0.05926123830212
0.02933226535969
0.139465750516
0.25399101727594
0.33887276209219
0.35092071994562
0.27173305085563
0.126056993988
-0.03173697725673
-0.15390891065063
-0.22248168412852
-0.24377854609052
-0.23400702933011
-0.20954852731206
-0.18396012912985
-0.16787785847079
-0.16589055092469
-0.17581154980815
-0.19001639476811
-0.19705319336724
-0.1858188051487
-0.14686045791621
-0.07767152158484
0.01348048891989
0.10810371929623
0.18555694386396
0.22948213292472
0.23516106620308
0.211531196988
0.17663126363002
0.15158494129839
0.14978814318833
0.17186575293484
0.2116211795972
0.26221689443374
0.31864102467168
0.37887887158299
0.44248650774898
0.50443378639561
0.55567432374487
0.59036202499286
0.60743572958968
0.60854287244208
0.59744448877516
0.57431856181152
0.52957540308517
0.45357735983188
0.34688517830261
0.21779117215431
0.0684142138141
-0.10576266514022
-0.30272333894364
-0.5022262394765
-0.67018888772751
-0.77970208351508
-0.82483014582527
-0.81764977145058
-0.77762812311272
-0.72209022247561
-0.65935212750584
-0.57893185522946
-0.4666319733508
-0.33048852347017
-0.19987959865411
-0.10006422902322
-0.03276755561148
0.0218318105557
0.09189281710993
0.19331170062072
0.31991683536644
0.44936324036752
0.55559226911886
0.62138620520901
0.64120497398517
0.62278430504447
0.58432209099997
0.54634031273676
0.52109047907666
0.50641340379801
0.48964571935231
0.45590105170471
0.39052448428957
0.28799413717552
0.16259369911536
0.04337466990809
-0.04738769607885
-0.1075234702066
-0.15405387382325
-0.21060021392206
-0.29099820856567
-0.39325817181304
-0.50245694378732
-0.59785674390101
-0.66512805965852
-0.70207166852307
-0.71718597207461
-0.72322749166414
-0.73153958563912
-0.74883170617281
-0.77566872206744
-0.80830585046348
-0.84199422943044
-0.86966526915661
-0.87791512846355
-0.84614254663433
-0.75167824853698
-0.58839945275431
-0.37294156533249
-0.12907521682814
0.1558963767564
0.5026214494385
0.86363801993682
1.15592214737582
1.32829870026756
1.40503444235664
1.41326051771402
1.33723670851535
1.15531050347276
0.87410335414606
0.53993093472724
0.24387939003669
0.05624618665525
-0.0228038883225
-0.04051203373804
-0.0433190154661
-0.06262476445008
-0.11069046165129
-0.18492829443695
-0.29087310499094
-0.42872947491948
-0.5684050791505
-0.66065390234555
-0.67167578097469
-0.6097193851474
-0.5123966527111
-0.40763945403888
-0.29338449186578
-0.16074854030784
-0.01606329503129
0.12423962276157
0.2444125865461
0.32356156707813
0.3406520393594
0.29267406529218
0.19911609423305
0.09930524355257
0.03716003884163
0.03428466636659
0.08029893449366
0.14542010193035
0.20215750642402
0.23737824562176
0.25252283406908
0.25621763099462
0.25457471503826
0.24831406599338
0.23198979364747
0.19711733075124
0.14177945313001
0.07503951044578
0.01122896944203
-0.03349200678735
-0.04895858630792
-0.04200356485539
-0.03078245204471
-0.03065769730124
-0.04568595448723
-0.06756258985988
-0.08234173792209
-0.08121632106843
-0.06639432225709
-0.05045844180762
-0.04685953383877
-0.06178483427107
-0.09309572999926
-0.1335647544285
-0.17437230373993
-0.20309673459248
-0.20830296187316
-0.18847416419826
-0.1527323583054
-0.11192849550615
-0.06886495929833
-0.02171630776861
0.02513837414444
0.06245086413882
0.08429737317535
0.09228069368747
0.09338930321677
0.09500891090254
0.10309751503142
0.12219551121591
0.15158731969335
0.18173902535949
0.20068373398902
0.20073657399698
0.17875834151975
0.13709793941672
0.08320683944772
0.0272281825852
-0.02282955913207
-0.06346564598707
-0.09470352499008
-0.11901809447333
-0.1397879041129
-0.15972047908775
-0.17889521814952
-0.19182108122144
-0.19136280415318
-0.17527637130294
-0.14777744809182
-0.11683785945631
-0.09070231151428
-0.07374471223127
-0.06410567206995
-0.05403935325463
-0.03566700537147
-0.00883267309915
0.01499201837484
0.02217946451053
0.00783055224005
-0.02230626070967
-0.05736799627656
-0.08613313732278
-0.10052472592677
-0.09934646906516
-0.08757872577755
-0.07161668298356
-0.05438275384649
-0.0352612194799
-0.01279163042455
0.01236074057421
0.03379112166511
0.04281709485038
0.03548228336316
0.01432277370991
-0.01434566972536
-0.04371997321591
-0.0660645181564
-0.07457802254432
-0.06827380923181
-0.05292943560811
-0.03659021901388
-0.02523909124288
-0.02280014631443
-0.03070414339075
-0.04719627492474
-0.06851822895354
-0.09089381194822
-0.10964262011314
-0.11713361286919
-0.10772468241994
-0.08218290077889
-0.04680054964384
-0.01094954767451
0.01418112443426
0.02147285129684
0.01208237322846
-0.00470764038189
-0.01619982679379
-0.01443740838283
0.00019196033625
0.02157053594171
0.04290723601924
0.0578433581486
0.0593934374218
0.04410380652203
0.01454197451711
-0.02207208790621
-0.05489367272313
-0.07392479636942
-0.0760825555541
-0.06580372714939
-0.05083406965114
-0.03762080133263
-0.02922344189844
-0.02522499925276
-0.02271017559721
-0.01789000145793
-0.00855554251878
0.00491701445393
0.0204776357111
0.03600521709832
0.04938265412873
0.05713760908507
0.0564702711001
0.04757059465103
0.03364023232505
0.02162640840324
0.02099714852152
0.03732133762361
0.06906284175874
0.10960690454887
0.15144314931905
0.18897755149088
0.21985910728944
0.2434071200781
0.25969940301185
0.27000736675478
0.27608361091067
0.27858560312543
0.27745102945119
0.27297619825965
0.26446788670072
0.24649189833712
0.21280439144831
0.16322817561001
0.10573781091292
0.05071836073649
0.00423588177821
-0.03234623087286
-0.05650666054294
-0.06522133750429
-0.05892703417077
-0.04234474561195
-0.02227571022645
-0.0041825026674
0.00953063291919
0.01872293915577
0.02375264592675
0.02344664955959
0.01630926070975
0.00186209337601
-0.01933504288186
-0.04582477347288
-0.0755734997535
-0.10201126241471
-0.11533907423434
-0.10743039568395
-0.07541034185946
-0.02579569115866
0.0277077145764
0.07110885602036
0.09390711943879
0.09373599392164
0.07677946491637
0.05446302467628
0.03924203821895
0.03815871499203
0.05015630636827
0.06879562908534
0.08561694633732
0.0931276401316
0.08866918022534
0.07486093262443
0.0568175167638
0.03886046835203
0.02249986998714
0.00570854825956
-0.01364520466263
-0.03215508719816
-0.04327759175394
-0.04330319913964
-0.03447115235116
-0.02447404482909
-0.02110276114958
-0.02727339190934
-0.04067427991402
-0.05693687255072
-0.07271070502379
-0.0866365246154
-0.09854582204285
-0.1075132827482
-0.11176121506086
-0.11050161709172
-0.10477142940204
-0.09680059546344
-0.08939387716869
-0.08565908356797
-0.08734385927556
-0.0938643876094
-0.10289796769454
-0.11040112990479
-0.11132719762115
-0.10261985404425
-0.08338264247495
-0.05454884509431
-0.01946403513234
0.01557866534691
0.0443741903887
0.06380936369825
0.0728775097901
0.07238129732227
0.06492257145779
0.05378403255602
0.04164553713456
0.03021381348645
0.02077382119907
0.01415680930982
0.01150513280845
0.01428800553963
0.02310504465593
0.03698099723327
0.05262420825532
0.06582715433971
0.07415114028948
0.07743138297404
0.07661111419334
0.07298493396231
0.06702055364922
0.05783895811793
0.04464818148773
0.02803565163704
0.01041949064645
-0.00509651192133
-0.01530663642372
-0.01777372965648
-0.0123949854976
-0.00129690111204
0.01216106242561
0.02490852209182
0.0354329316678
0.04379984764654
0.0509428415805
0.05766842719952
0.06398037029564
0.06943399029176
0.07374518791027
0.07668405163868
0.07780958741209
0.07693275247134
0.07442394219103
0.07071241722097
0.0643839442799
0.05264034170111
0.03407796402488
0.01007237579447
-0.01601732858476
-0.04104915459913
-0.0635972108681
-0.0836121972282
-0.10166437351026
-0.11851256662525
-0.13453811256459
-0.14793105276612
-0.15514111743785
-0.1542158028799
-0.1461798405594
-0.13337202515717
-0.11784645747767
-0.10082353161319
-0.08088885572279
-0.05324786305292
-0.01655016437093
0.02385254247893
0.05866247737174
0.0812050633323
0.0911346244376
0.09200178723886
0.08779155248627
0.08132493443813
0.07385657607408
0.06478026415954
0.05230233213782
0.0354239254789
0.01486954689052
-0.00765377407089
-0.03121518911513
-0.05608144316458
-0.08275490476601
-0.11065288301097
-0.13698742333106
-0.15861341551517
-0.17439620660925
-0.18400258347983
-0.18556158173412
-0.17768576467405
-0.16134983819285
-0.13920702078461
-0.11424247559958
-0.08941841427666
-0.06745096385658
-0.04958549157863
-0.0351779796204
-0.02244717664687
-0.00961562486297
0.00426631730568
0.01967582723926
0.03733626601596
0.0569507465213
0.07595122851256
0.09137987659757
0.10167158797496
0.10616144269465
0.10511653451028
0.09989722605733
0.09162247288317
0.07983609883506
0.06373753617055
0.04364739252981
0.02232596571189
0.00525886908906
-0.00311786807525
-0.00247576208598
0.00385859540061
0.01162255416747
0.01817211081175
0.02317528262299
0.02774820278655
0.03316762542717
0.03994645141731
0.04772320832743
0.05576146976305
0.06352304458536
0.07090685100869
0.07812337698673
0.08522958507868
0.09102478223051
0.09349736162764
0.09164023156551
0.08618855392528
0.0784842191416
0.06860218629552
0.0558990599113
0.04180675267271
0.03074899595565
0.02662481946057
0.02997158585207
0.03815971788191
0.04758391366279
0.05585930107561
0.06261846170344
0.06880938413617
0.07547963243254
0.08291160135375
0.09060888023239
0.09790853111417
0.1045071104425
0.1105567562148
0.11606190810164
0.11960944273943
0.11921966344592
0.11419685005632
0.10563855256339
0.09528187136375
0.08369246805799
0.07032426316402
0.0546915091518
0.03713271504757
0.01939273481553
0.00423728503124
-0.00656464756028
-0.01371174026154
-0.02015013468953
-0.02883835200699
-0.04087842548114
-0.05538580227962
-0.07061577510589
-0.08478474594192
-0.09548684936912
-0.10067472336872
-0.10023773293532
-0.0959956276903
-0.09042732941735
-0.0853956763265
-0.08271284681519
-0.08404930658135
-0.08788363601102
-0.09067055994161
-0.09065252377985
-0.08940612590272
-0.08976621489919
-0.09338569598442
-0.09977069544563
-0.10599083249641
-0.10800937629628
-0.10370384718575
-0.09486481980807
-0.08653369867343
-0.08315867694985
-0.0855922903096
-0.08932613255234
-0.08662391912213
-0.07256423553436
-0.04795585499412
-0.01729878796755
0.0147787278791
0.04425828327447
0.06747435140699
0.08294493852306
0.09210734833503
0.09808354134308
0.10355551462027
0.10825554017431
0.10926980670365
0.10432199203503
0.09398513079337
0.0812664655621
0.06934250136575
0.05972926678971
0.05181947832167
0.04354424946852
0.03307002402612
0.01999910660978
0.00524594647646
-0.01030111792945
-0.02723717688213
-0.04686100051566
-0.06961125999587
-0.09313913570722
-0.11199691400108
-0.12183288526483
-0.12251076746744
-0.11755565905428
-0.11138649893541
-0.1067563981931
-0.10349993945811
-0.09937683324077
-0.09241832347564
-0.08236817774603
-0.07043426393077
-0.05809400133714
-0.04619302829203
-0.03477697033871
-0.02343470208892
-0.01164395575809
0.00094743680225
0.0143226349702
0.02810949683646
0.0407585147354
0.04910311344147
0.05082986782005
0.0462948632361
0.03795567141457
0.02845190246642
0.01928538199516
0.01066312153385
0.00211834125226
-0.00602751084323
-0.01123875257328
-0.01073440995869
-0.00393142383619
0.00729442634086
0.02018242140107
0.03275728887325
0.04440871675549
0.05480515679082
0.06244955602159
0.0657913198557
0.06470764383353
0.06061950002205
0.05564132117781
0.05206845663374
0.05159103348607
0.0544258027952
0.0592412994244
0.06300978695367
0.06241824048799
0.05617915555739
0.04555993919443
0.03330874749193
0.02233548325571
0.01428955149635
0.00899741658982
0.00511958235241
0.00126798260416
-0.00300894789261
-0.00628775481941
-0.00632104045683
-0.00207370115731
0.00560589673322
0.01475746899218
0.0227541798679
0.0262913328117
0.02334907987047
0.01453243318934
0.00248444164198
-0.00969798075234
-0.02008532342696
-0.02849652908379
-0.03587316068234
-0.0425539254484
-0.04691427656269
-0.04696584809334
-0.04226994509056
-0.0341499223643
-0.02465623384678
-0.01538884168141
-0.0069248039446
0.00071259487701
0.00641296145792
0.00829892559491
0.00553711355107
-0.00092795140517
-0.00852657763219
-0.01376436224996
-0.01458521770142
-0.01255421507597
-0.01154675472019
-0.014500994772
-0.02180661542512
-0.0321122007731
-0.04373499674405
-0.05522811469398
-0.06413916779893
-0.06748220011034
-0.06407728989013
-0.05533510282712
-0.04411213090438
-0.0329482660603
-0.02314373321389
-0.01576695098366
-0.01215900511397
-0.01284276988011
-0.01731188103178
-0.02501447958715
-0.03548285417795
-0.04798506961217
-0.0604195166461
-0.06852092446783
-0.06879174437358
-0.06116859213775
-0.04955393820554
-0.03983240737913
-0.03596871666372
-0.0379375956129
-0.04183568981136
-0.04251900268245
-0.03721008819951
-0.02667182050891
-0.01378600564407
-0.00129271910091
0.00962420690477
0.01918918384714
0.0272182805342
0.03243675258492
0.03387427828078
0.03186944989183
0.02786325764258
0.02361637975169
0.02059744339306
0.01940788122741
0.01969522701412
0.0206268998146
0.02148188919767
0.02197146990756
0.02217748647873
0.02190658729314
0.02008517675927
0.01564449139133
0.00848655320906
-0.0004677395126
-0.00981972682619
-0.0184009560105
-0.02580460221177
-0.03235188352487
-0.03854482759332
-0.04344300912319
-0.04416766642662
-0.03850510839754
-0.02663871325111
-0.01035511938694
0.0081316491136
0.0262281388577
0.04160855309298
0.05336222421042
0.06133547618389
0.0650498552279
0.06439976060637
0.06025481279534
0.05356692473638
0.04343963973033
0.02861856056503
0.01011188886269
-0.00931524943589
-0.02654747802057
-0.03819606372084
-0.04223109797293
-0.03940115284156
-0.03256041326671
-0.02482697485674
-0.01825718996335
-0.0136085258484
-0.01055932837794
-0.00828421918609
-0.00607143583409
-0.0036906601039
-0.00133317520273
0.00073241562778
0.00241813278338
0.00384636609014
0.0052182461032
0.00660298728699
0.00781554060388
0.0086137299514
0.00890030275975
0.00835402904207
0.00606777706985
0.00133886908025
-0.00578566375204
-0.01534595922034
-0.02787939505237
-0.0435054419908
-0.06092492557443
-0.07771841560541
-0.09201518553045
-0.10298783138399
-0.10953059771067
-0.11071254108447
-0.10694143732074
-0.099952087701
-0.09186883496078
-0.08459736805924
-0.07980097786953
-0.07822037586105
-0.07930286268574
-0.08114013314998
-0.08095172462948
-0.07690230901589
-0.0691383161587
-0.0592753501122
-0.04901523174781
-0.03893466238271
-0.02858489834841
-0.01734806434706
-0.00519946471102
0.00637768986071
0.01494470020717
0.01912316356713
0.01950495938157
0.01816310065885
0.01780742358503
0.0203768551888
0.026074724455
0.0336984078657
0.04171133939503
0.04915603272926
0.05585402896679
0.06145403917249
0.06477748936543
0.06487964142882
0.06194949848192
0.05737913509294
0.05373927909091
0.05349089537759
0.05737465578244
0.06424663161106
0.07164197324994
0.07629189395022
0.0760007784075
0.0709250060902
0.06303852589274
0.05462376453545
0.04712436811721
0.04155571308502
0.03898313803592
0.03979312422242
0.0433127919993
0.0480341041882
0.05197966322201
0.05370657616026
0.05303796969797
0.05062504837435
0.04684875178163
0.04169996273915
0.03521490420211
0.02771511534871
0.01975812366876
0.01232688808599
0.00676283921204
0.0038629859177
0.00372429893297
0.00608607485505
0.01035304621934
0.01573107685973
0.02150087671741
0.02722641860894
0.03278654709521
0.03825737477884
0.04358499930211
0.04770219917197
0.04891411032223
0.04641184062806
0.0408760867261
0.03392177879206
0.02732838436473
0.02237309757195
0.01930930072044
0.01751127773698
0.01607861189482
0.01439423258638
0.01232249598331
0.01007622483031
0.00820367880487
0.00755593483035
0.00865854684037
0.01132856869484
0.01486733894721
0.01841407285869
0.02054813133762
0.01955576586184
0.01473889372756
0.00687775136438
-0.00241233029248
-0.01168409117298
-0.02027039426654
-0.02784005243579
-0.03313607998206
-0.03467488962716
-0.03215105581871
-0.02679192152625
-0.02088207780952
-0.01650147466218
-0.0144110597307
-0.0140197701564
-0.01416206159868
-0.01390895677137
-0.01266369655982
-0.01002334518244
-0.00597074648359
-0.00089368388703
0.004612797919
0.00940939820026
0.01158710815463
0.00984570286311
0.00446592013844
-0.0030220147945
-0.01054148248778
-0.01565314082099
-0.01671453128241
-0.0138502738398
-0.00863527028172
-0.00309725730096
0.0013112099325
0.00390986091111
0.00451717058576
0.00343715372424
0.00129483785442
-0.00141328866205
-0.00465571605599
-0.00860741134879
-0.01329895792481
-0.0185155114036
-0.02392581289956
-0.02925907421889
-0.03409251187404
-0.03738360796758
-0.03817417455925
-0.03641606104317
-0.03297017107785
-0.0289935541699
-0.02531245283532
-0.02223656580945
-0.01969946848513
-0.01745951989873
-0.01529049901394
-0.01308184614118
-0.01083280019407
-0.00858950203477
-0.00640101795124
-0.00446811618978
-0.00320014904518
-0.00287340118202
-0.00340185992868
-0.00441838791522
-0.00552125758469
-0.00647576297675
-0.00725956699877
-0.00797604658754
-0.00865610502154
-0.00870349057707
-0.00702190588271
-0.00299391960768
0.00304373072966
0.01011217427009
0.01722475646052
0.02357208214562
0.02840372014858
0.03141022542957
0.03292061325494
0.03365225114757
0.03428204616815
0.03515908327247
0.03628702915277
0.03762371486645
0.03961550965104
0.04290767205832
0.04710149588571
0.05019162553338
0.05020197155144
0.04667853798255
0.04073988397491
0.03408835364685
0.02795241177754
0.0226437311701
0.01780882287407
0.01334756438975
0.01018169475467
0.00940443528278
0.01123980699505
0.01489702528026
0.01889893641858
0.02108774951341
0.01968597109375
0.01447877263512
0.00673410423697
-0.00177476109159
-0.00928640743305
-0.01397990825692
-0.01489480148097
-0.01251791680493
-0.00835862727232
-0.00460356578257
-0.00377851404962
-0.00724915359285
-0.01448169806092
-0.02369307109707
-0.03298325225012
-0.0409991290252
-0.04731214239905
-0.05234688740335
-0.05687661987848
-0.06136171780825
-0.06543872280334
-0.06837940996789
-0.06984965445038
-0.07015377188553
-0.06976430971134
-0.06837572345571
-0.06515783435894
-0.05971471894056
-0.0524792450827
-0.04440820143659
-0.0364494338884
-0.02912581671345
-0.02242597325583
-0.01601814913102
-0.00956409693623
-0.00292483793696
0.00354820732716
0.00872264062046
0.01153460904995
0.01186981210718
0.01056350642508
0.00876777859275
0.00741807909466
0.00721787769917
0.00846970624478
0.01095052281645
0.0141088529395
0.0173942646691
0.02023113489378
0.02167843579292
0.0209732971841
0.01814265042622
0.01394395485316
0.00933952492042
0.00498262644281
0.00103312204816
-0.00261733564939
-0.00591207940799
-0.00864170780407
-0.01070513588077
-0.01222989713965
-0.01349186161178
-0.0147501950676
-0.01612842737719
-0.01744379474407
-0.01795709597967
-0.0168911984598
-0.01408662683863
-0.01006733359717
-0.00562882446061
-0.00137132505423
0.00244685031688
0.00577988028831
0.00871499804467
0.01141049647312
0.01432204829944
0.01874342902832
0.02599840572483
0.03633925870602
0.04883661428655
0.06178681626687
0.07212169551273
0.07649972602953
0.07380230902915
0.06572587435447
0.05536578412206
0.04531032664371
0.0365943138172
0.02886411002437
0.02123691451712
0.01309857418571
0.00439858381322
-0.00453446548109
-0.01334734637021
-0.02175502803851
-0.02835363115079
-0.03050391424732
-0.02661543272848
-0.01743993381626
-0.00540678147143
0.0069773902571
0.01834260605423
0.0286529561201
0.03857958783561
0.04796104782311
0.05428738020872
0.05472421208246
0.04866235721605
0.03805338380738
0.02609454441297
0.01557458639955
0.00760952403272
0.0016182274239
-0.00373130806291
-0.00948979587778
-0.01590923449796
-0.0221377871029
-0.02654790613166
-0.02808163393954
-0.02698939569553
-0.02447484951938
-0.02182093336276
-0.01972118719508
-0.0180402724153
-0.01595542689202
-0.01287476325628
-0.00951847139298
-0.00739627714089
-0.00747472057056
-0.00957184257581
-0.01265166584533
-0.0150446205433
-0.01485820591057
-0.01120064275809
-0.00466205844254
0.00322507422793
0.01032595630078
0.01436358300337
0.0142999014784
0.01085045581263
0.00575580300336
0.0007603752461
-0.0023031920903
-0.00173449565777
0.00282184669654
0.00902557678611
0.0123192930781
0.00933175946088
0.00068546571493
-0.00830473680659
-0.01157510518808
-0.0071276929264
0.00093696314366
0.00595175103587
0.00386992448859
-0.00456442929356
-0.01534107558269
-0.02454552748952
-0.03062117704667
-0.03412650706595
-0.03557143749811
-0.03470552731819
-0.03129865888614
-0.02580886350273
-0.01935627798483
-0.01307608646139
-0.00754696035338
-0.00272071655018
0.00149265015218
0.00476209769842
0.00672667968071
0.00741995406269
0.00728866269708
0.00690828995562
0.00667955178464
0.00669594685387
0.00673273665987
0.0064155182325
0.00552808754221
0.00414094021553
0.00251011126235
0.00088758092557
-0.00060626437007
-0.00192179822461
-0.00257394698659
-0.00167357862053
0.00127214836293
0.00595581016326
0.01140074505379
0.01632763777478
0.01987323402068
0.02200556419927
0.0233198731804
0.02451912334151
0.02591966499579
0.02727901681341
0.02816448532786
0.02837355020856
0.0280503818298
0.0275248715001
0.02704110992987
0.02652900185575
0.02572274974933
0.02444703419036
0.0227512584061
0.02084423358176
0.01894064553814
0.01714851701018
0.01545584503133
0.01376794569837
0.01183919820009
0.00934576027919
0.00614708068569
0.00238202755873
-0.00164959845338
-0.00567654299142
-0.00957011031148
-0.01312079235859
-0.01552253126193
-0.0158835161205
-0.01402344081261
-0.01058845182418
-0.00665442800591
-0.00366699626328
-0.00302750809405
-0.00518649453053
-0.00946271388721
-0.01463263893287
-0.01972041421672
-0.02444955132503
-0.02908097207653
-0.03397106309956
-0.0392586156318
-0.04482553047168
-0.05042748303327
-0.05546757942622
-0.05869486318306
-0.05911865352446
-0.0568232249117
-0.05284044399681
-0.04842780783339
-0.0443992824555
-0.0409150924034
-0.03773691853841
-0.03460013270967
-0.03139593523987
-0.02816163125391
-0.02498024655574
-0.02189075511071
-0.01872791000123
-0.01488394014401
-0.00972127316695
-0.00311032063526
0.0045101265727
0.01229258370273
0.01901699994424
0.02375131006158
0.0264556442273
0.0278674475817
0.02879723748617
0.02934125965662
0.02905766380596
0.0276222112777
0.02517247240014
0.02219691003754
0.019215659347
0.01656923909849
0.01434273637158
0.01241067497633
0.01063271771832
0.00924262514588
0.00876255405183
0.00948288664043
0.01121703386333
0.0134607244578
0.01572207067083
0.0177433971928
0.01918866456424
0.01903836982293
0.01629080436488
0.01085894668263
0.00363122361753
-0.00401101642702
-0.01086941558443
-0.01649432362134
-0.02110333592836
-0.02442950145554
-0.02526663305648
-0.02272175441666
-0.01711488650549
-0.00988336078326
-0.00277192616839
0.00314507136397
0.00768769791096
0.01088028881337
0.01268757564519
0.01322953257602
0.01287061692107
0.01209090373838
0.01128290747566
0.01062846435534
0.01011381536261
0.00963481851027
0.00911218603847
0.0086993244219
0.00891836666944
0.01023767027998
0.01268102316708
0.01584744776098
0.01921045859003
0.02233859102512
0.02453092018049
0.02485734299634
0.02291565306551
0.01914240081834
0.01447586306529
0.00982829697602
0.00588864428968
0.00298123364537
0.00098262911963
-0.00051080511009
-0.00190778868551
-0.00343197992241
-0.00509830760952
-0.00680952710504
-0.00836640858782
-0.00886659297522
-0.0068714684377
-0.00165063701918
0.00625891281656
0.0153835180407
0.02337326418319
0.02780474516265
0.02778433456993
0.02432068195828
0.01938230951764
0.01463758995837
0.01075780147309
0.00752406830192
0.00440902100309
0.00106890341469
-0.00251245556697
-0.00615341118027
-0.00969511478642
-0.01321722041813
-0.01700310590651
-0.02126754428017
-0.02599467164474
-0.0309613826613
-0.03543294752377
-0.03785940984268
-0.0370059783083
-0.03293993771396
-0.0268938119662
-0.02044635188943
-0.01467755888562
-0.00981774879439
-0.0058103475277
-0.00344868814698
-0.00386692890014
-0.00738192352733
-0.01319346025251
-0.01995081330018
-0.02654285204238
-0.03252861016214
-0.03777305428579
-0.04150945330311
-0.04276362060377
-0.04130843928934
-0.03787695050549
-0.03364951599337
-0.02957679607319
-0.02603276956796
-0.0230088504719
-0.02043794029927
-0.01825722563927
-0.01638262626618
-0.01470182247817
-0.01310009635848
-0.0114951554416
-0.00985408274134
-0.00819334467878
-0.00661125220946
-0.00525118290936
-0.00418297834639
-0.00335512763897
-0.00264272977234
-0.00192949907108
-0.0011605782519
-0.00034400034378
0.00049621643182
0.00138036255867
0.00235613357644
0.00344676759305
0.00463039011369
0.0058572256923
0.00708174233583
0.00830135155776
0.00959198758109
0.0110462333935
0.01269152378082
0.01446516821597
0.01607002588902
0.01691661557391
0.01657845934294
0.01511838249889
0.01299679077353
0.0107444031815
0.00868274700905
0.00686259702451
0.00524004805697
0.0038205430633
0.00262598745744
0.00163712337543
0.00078214628073
-6.604997031e-05
-0.00110049325651
-0.00246646414729
-0.00416379262707
-0.00606733310279
-0.00801972184693
-0.00978499829583
-0.01073040236319
-0.01015612700889
-0.00789326258708
-0.0043902435749
-0.00028076096243
0.00401469501122
0.00836100170328
0.01278916085779
0.01730726298158
0.02178160263816
0.02603911195451
0.02998970922164
0.03333572245474
0.03531091604252
0.0353302167176
0.033519524817
0.03060939209966
0.02743755269325
0.02447255833224
0.02171007240983
0.01891127236043
0.01588453090235
0.01261926021405
0.00931426636597
0.0063242116501
0.00390373773329
0.00206301740717
0.0009029885645
0.00086683577196
0.00228712761796
0.00502213158304
0.00853158018959
0.01217153132741
0.0151427610472
0.01657556562907
0.0161159685516
0.01413990684966
0.01143784405113
0.00872824966857
0.00636755789819
0.00434288576732
0.00244966673291
0.0004978289836
-0.0016092204422
-0.00394675814127
-0.00656403710558
-0.00943854939444
-0.01248161456991
-0.01558684306157
-0.01867894677705
-0.0216560907723
-0.02389546854391
-0.02435255641469
-0.02247584819808
-0.01862918282657
-0.01375009188022
-0.00873634017541
-0.0041151068823
-0.00045155532772
0.00153153215293
0.00153300517221
-6.569677866e-05
-0.00246654976951
-0.00491467966288
-0.00698253551819
-0.00861906152009
-0.01001456890505
-0.01136326154927
-0.0125822603165
-0.01336274251356
-0.01349718525249
-0.01305378504468
-0.01230028177441
-0.01138262564821
-0.00999490750674
-0.00769012387382
-0.00433344353934
-0.00020440901401
0.00422009319969
0.00846764893315
0.01181363838229
0.01345518279755
0.01314234854489
0.01134587151815
0.00889708003458
0.0064806941823
0.00436229743416
0.00244898175516
0.00052258530031
-0.00153809691941
-0.00348706315321
-0.00471217915227
-0.00476428978577
-0.00370374325816
-0.00200097538912
-0.00019323971453
0.0014020444035
0.00275554735152
0.00398892906585
0.00520227914506
0.00641673914191
0.00760360975726
0.00873513115798
0.00981306732031
0.01086421879145
0.01191855731182
0.01298346383379
0.01386956658689
0.01403808776156
0.01302197797612
0.01081781234185
0.00785637764529
0.00468804240745
0.00165916871829
-0.0012005713595
-0.00404638316003
-0.00702550122309
-0.01017021899901
-0.01341046897236
-0.01664955749618
-0.01975759645788
-0.02212504683392
-0.02276073234601
-0.02115502637876
-0.01767492320199
-0.01325162390118
-0.00876381063716
-0.00460125873946
-0.00067563897977
0.00328888854662
0.00747785608791
0.01177978985806
0.01546235786952
0.01758855178913
0.01780805782369
0.01656472807605
0.01471026181627
0.01296618479442
0.01164796731758
0.01071487540811
0.00995682940348
0.00918484996839
0.00832716903502
0.00741530826454
0.00651406306354
0.0056614639674
0.00485303959359
0.00415006928817
0.00394160614139
0.00471787540819
0.00663175001
0.00938587983812
0.01226706748884
0.01427012793754
0.01472324785274
0.01369104029744
0.01180025198268
0.0097660068121
0.00808466392123
0.00714581233198
0.00718303421305
0.00812293229609
0.0096369273538
0.01135164308991
0.01314695470312
0.01524805259194
0.01791981067473
0.02119970056403
0.02484243045996
0.02806527454623
0.02961150478359
0.02870702496545
0.02560733417006
0.02130918997587
0.01686145266688
0.01284160843058
0.0092624728518
0.00575979077891
0.00185415151885
-0.00271685086557
-0.0078686343073
-0.0133006148733
-0.01872252690064
-0.02399929341176
-0.02914362692768
-0.03382922751631
-0.0367364070599
-0.03653015661324
-0.03303300827261
-0.02734857693792
-0.02120714494024
-0.01597447783562
-0.01204312971168
-0.0089691295458
-0.00611136115743
-0.00340148770987
-0.00132022959898
-0.00028253365947
-0.00025073198195
-0.00079665766116
-0.00142900787072
-0.0020494205196
-0.00313265138551
-0.00520954514165
-0.00838601449025
-0.01230623965378
-0.01644363606082
-0.02041806484541
-0.02404267929976
-0.02707950118847
-0.0293115574676
-0.03074932496695
-0.03164471138837
-0.03233668161711
-0.03307692533549
-0.03391458414731
-0.03459834891346
-0.03476578791842
-0.03426136998799
-0.03322848062613
-0.03197152663939
-0.03075441473216
-0.02968211932986
-0.0286771523248
-0.02753493607476
-0.02609368819079
-0.02434706232234
-0.02241862797941
-0.02045990874069
-0.01856428832017
-0.01684077252273
-0.01570185431369
-0.01564737717721
-0.01681733740442
-0.01889258214006
-0.02133497970518
-0.02361175773749
-0.02492871070101
-0.02441864408256
-0.02181420646903
-0.01762202373416
-0.01273692734054
-0.00791332434854
-0.00357388328992
-5.889968263e-05
0.00241761786087
0.00394010537418
0.00485211201955
0.00555202212346
0.00620479243932
0.00661431637496
0.00650608354846
0.0058093129259
0.00476318779611
0.00406046325817
0.00452742543202
0.00650228604451
0.0096631967261
0.0133369290003
0.0169402488918
0.0202300884
0.02317607542131
0.02562404635862
0.02737272161072
0.02840025958392
0.02891277594918
0.02921821339353
0.02956105902656
0.03003380862813
0.0305992839211
0.03117314305628
0.03166671154172
0.03174647498059
0.03081934095049
0.0285384522589
0.02508189915619
0.0209961218477
0.01683822367613
0.01292206160398
0.00955255379271
0.00742039010176
0.00711332742086
0.0085869888641
0.01120065465007
0.01414793393264
0.01688251731821
0.01927314118912
0.02148105279545
0.02372667385382
0.02612117054452
0.02855011432217
0.03042336197412
0.03100127230872
0.03002212278091
0.02785907166746
0.02520506433903
0.02263935492338
0.02038833094446
0.01836384908519
0.01636110179182
0.01425584171183
0.01207948347859
0.00994110028483
0.00791868366518
0.00601019216395
0.00415614608728
0.00229242826752
0.00038849932062
-0.00154653784311
-0.00339940106469
-0.00481060109957
-0.00541143123357
-0.00513724589895
-0.00425559470841
-0.003163075021
-0.00215584774793
-0.00132619302793
-0.00070209703807
-0.00060883660422
-0.00150603655179
-0.00355119340203
-0.00647171574134
-0.00976962197244
-0.01299090028202
-0.01556432758931
-0.0166931732957
-0.01593513521904
-0.01354696109494
-0.0102731281848
-0.00687099275871
-0.0037563077687
-0.0009476496686
0.00175535219954
0.00454653187151
0.00748878877673
0.01051849926451
0.0133528682105
0.01531671685434
0.01581557330456
0.01482412351084
0.01286315272489
0.0106185821243
0.00856107625104
0.00680343444996
0.0052044751964
0.00356914513076
0.00179260539615
-0.00010883824694
-0.00205270666863
-0.00396583881481
-0.00582549393959
-0.00765306848039
-0.00948295402829
-0.01129230213574
-0.01272577663219
-0.01317519021525
-0.01231302997138
-0.01034108289271
-0.00780798919989
-0.0052483367634
-0.00293101779985
-0.00083784036264
0.00105471034279
0.00210138726021
0.00128653963441
-0.00183014043256
-0.00677874274631
-0.01256492181727
-0.01827627261888
-0.02329265641411
-0.02727717752131
-0.03026889314966
-0.03260663737269
-0.03470376334193
-0.03684600746351
-0.03910410716742
-0.04112078392725
-0.04205339222974
-0.04127074172927
-0.03885279406431
-0.03546616577333
-0.0318869112748
-0.02858420068589
-0.02554819537945
-0.02240940377097
-0.01881803531413
-0.01470357059846
-0.01025848916384
-0.00575416983882
-0.00136674981514
0.00288150873403
0.00703113801913
0.01077370897136
0.01339590526724
0.0144229913454
0.01401287281102
0.01280284455677
0.01147810234976
0.01042730763788
0.00967311066908
0.00902809392078
0.00830535915327
0.00743942122541
0.00648169707217
0.00556372382665
0.00497515828264
0.00502734819598
0.00580026313309
0.00709850209229
0.00860357816892
0.01006246977948
0.01138375142183
0.01261089222779
0.01379697004482
0.01485695725322
0.01563776846158
0.01607356176952
0.01623784147318
0.01628316971707
0.01634428257549
0.01647840423109
0.01666900087495
0.01686872659145
0.01704258329881
0.01718560411554
0.01731430699464
0.01744939190021
0.01761717180844
0.01785149524358
0.01816933998162
0.01855745439866
0.01898269556098
0.01941263801733
0.01982997101641
0.02023456374651
0.02060496308511
0.02070008699141
0.02010399382737
0.01859249212037
0.01630660879937
0.01362744994427
0.01092832842751
0.00846745073357
0.00650353470187
0.00521473400665
0.00456192405087
0.00431508629427
0.00419763322331
0.00402297182567
0.0037422538329
0.00340351885916
0.00307580061085
0.00279466600257
0.00255976858145
0.00248480038321
0.0029020410213
0.00408255854732
0.00592421318626
0.00749224934139
0.00734857446604
0.00469275955744
-0.00013661199369
-0.00605776006309
-0.01200299033279
-0.01744177310836
-0.02240891223601
-0.02686701934701
-0.03004667574485
-0.03110196165922
-0.0299229516392
-0.02721624700651
-0.02399787826676
-0.02101665928815
-0.01849572712155
-0.01625123580078
-0.01398857750654
-0.01157153759564
-0.00923713501752
-0.00743544137785
-0.00642309342043
-0.00608993181887
-0.00608691125728
-0.00607359620951
-0.0058865592301
-0.00555067436632
-0.00518003322423
-0.00486766672257
-0.0046337832905
-0.00444083996362
-0.00423942162271
-0.00400402790984
-0.0037143354401
-0.00327450004993
-0.00256188852416
-0.00154008169
-0.00028744797841
0.00106146379527
0.00239536044446
0.00367031095305
0.00490218119739
0.00612956380684
0.00737378941657
0.00851460241359
0.0091927224557
0.0090935909539
0.00821039380663
0.00682634235738
0.00530678581946
0.00386410059214
0.00233593228248
0.00032069219212
-0.00243004338892
-0.00582857396106
-0.00955494011565
-0.01328550017335
-0.01685423027419
-0.02007983726259
-0.02217682845612
-0.02216941975583
-0.01977321458476
-0.0156018705537
-0.01070604759883
-0.0060443142036
-0.00227851862102
0.00040297145754
0.00226756492304
0.00378001045644
0.00531490407425
0.00701722440864
0.00882076130441
0.0103875844781
0.01116767027601
0.01083387839978
0.00951891536004
0.00767793063567
0.00577881397457
0.00407320352716
0.00257373451664
0.00126355522195
0.0002384151069
-0.00040556113325
-0.00068639487456
-0.00073678909971
-0.0007215582548
-0.00075270056197
-0.00085715610088
-0.00100126542971
-0.00113855946779
-0.00124501008367
-0.00132096491942
-0.00135643590541
-0.00132331120604
-0.00120545618634
-0.00101558891694
-0.000787208298
-0.00055401618606
-0.00033627888455
-0.00022787001718
-0.00057993315951
-0.00177085814546
-0.00387549389678
-0.00662347715954
-0.0096032096413
-0.01250162876347
-0.01521702246574
-0.01781014288327
-0.02017859614919
-0.02166576687578
-0.02156451860247
-0.01975206272561
-0.01675551102752
-0.01335584913218
-0.01013357189671
-0.00726520379482
-0.00461085952711
-0.00196003449113
0.00050218778876
0.00197657147127
0.00175988304193
-0.00015867069519
-0.00314682463745
-0.00639847703263
-0.00937954934355
-0.01186002897592
-0.01360428437739
-0.0144345939488
-0.01441584823255
-0.01384419704068
-0.01307987603735
-0.01237553022685
-0.01180815618192
-0.01131852394013
-0.01078106217577
-0.01009007501695
-0.00922638863631
-0.00824982363103
-0.0072444126589
-0.00626654350038
-0.00532694271672
-0.00440529485099
-0.00347690661395
-0.00253060787368
-0.0015729998654
-0.0006205882537
0.00031379270619
0.00122887108829
0.00213297075964
0.00303620628081
0.00394444317018
0.00485764178783
0.00577256275982
0.00668590209917
0.00759685907957
0.0085062463193
0.00941008000681
0.01025116767136
0.0109194173744
0.01134725495121
0.01156299519376
0.01166419589917
0.0117521846206
0.01188204102125
0.01205488691075
0.01224217758561
0.01241685880322
0.01257029302588
0.01271068571619
0.01285181967293
0.01300818724936
0.01319764226364
0.01343057037374
0.01370196902226
0.01399541935603
0.01429345999206
0.01458576473226
0.01487139014662
0.01515429229875
0.01543879590349
0.01572653016137
0.01601644461464
0.01629953307437
0.01651695801334
0.01657233101193
0.01641553136041
0.0160807405583
0.01565649039388
0.01522830398581
0.01483884577562
0.01448471862252
0.0141400297334
0.01378250940349
0.01340674282026
0.01302105833007
0.01264125243941
0.01228992386437
0.0119837887575
0.0117215310736
0.01148643862409
0.01125848928743
0.01102476441502
0.01078278254812
0.0105368525456
0.0102923694
0.01005172339827
0.00981391957851
0.00957525160858
0.00927455509818
0.00868129222414
0.00754880360947
0.00582843918534
0.00369496579157
0.00141403270328
-0.00081325727236
-0.00292213806228
-0.0049568327495
-0.00698549265592
-0.00900641088675
-0.01095307166304
-0.01277124361578
-0.0144649660524
-0.01603530132265
-0.01724703409329
-0.01773826382368
-0.0173635635542
-0.01630972846076
-0.01494940942918
-0.0136109319913
-0.01243814940207
-0.0113992783769
-0.01047635806987
-0.00993861089811
-0.01015123940725
-0.01122816871572
-0.01294831512032
-0.0149268107131
-0.01684809797919
-0.01859284095163
-0.02018803441317
-0.02148928996998
-0.02208361915776
-0.02167704839586
-0.02035611162078
-0.01851117876079
-0.01657468958693
-0.01481831229916
-0.01344099567163
-0.01265921328533
-0.01255417940004
-0.01299334606483
-0.01371306423474
-0.01446739994324
-0.01512944203544
-0.01560642121605
-0.0154412416863
-0.01399519340851
-0.01102692082645
-0.00687623315559
-0.00219930340218
0.00242707515202
0.00663649490794
0.01018928183459
0.01304159577052
0.01533112992778
0.01692611329777
0.01719149460705
0.01563768521776
0.0124138501336
0.00820797577176
0.00380491145884
-8.920745064e-05
-0.00264556402633
-0.00331608311456
-0.00223470818951
-8.87573394e-05
0.00233325460615
0.0045342752095
0.00642115106455
0.00816122445489
0.00992265583194
0.01160309096874
0.01290795772189
0.01365020722002
0.01389540784809
0.01388726977335
0.01387490608357
0.01398559262087
0.01420915381883
0.01446546155135
0.01472239163055
0.0151083337802
0.0158065472957
0.01688518904854
0.0182523538936
0.0197354654928
0.02119021869613
0.02252055805928
0.02347922564251
0.02371434583996
0.0230794491622
0.02175128603044
0.02009488457469
0.01843988637196
0.01693928960583
0.0155703211446
0.01422976657512
0.01282698922958
0.01127593877843
0.00949432275618
0.0074639940093
0.00524747657722
0.00294673819772
0.00074152646606
-0.00079444813225
-0.0009494857895
0.00051713520826
0.0032157984876
0.00643741135807
0.00958614069349
0.01241662096372
0.01483320501558
0.01645843364144
0.01687292445855
0.01603011642165
0.01431192030092
0.0122722246419
0.0103309945341
0.00862915384269
0.00708246774629
0.00553615030111
0.00389472837319
0.00216046183414
0.00042109244871
-0.00108792423196
-0.0020824306596
-0.00245979037105
-0.00236265791021
-0.0020602196219
-0.00178134845282
-0.00162008415756
-0.00154723035244
-0.0014851415593
-0.00137867627665
-0.00122588501343
-0.00112598132606
-0.00128615235243
-0.00185569311518
-0.00281195693391
-0.00399383648745
-0.00521729078123
-0.00637232261609
-0.00744708362116
-0.00848947863486
-0.00955037756132
-0.0106493308071
-0.01177414117004
-0.01290052523765
-0.01400176174258
-0.01503549543465
-0.01596629615697
-0.01679481796817
-0.01755626507759
-0.01829603708097
-0.01904600447074
-0.01981468190083
-0.02059413346008
-0.02137172590727
-0.02214103757601
-0.0229037254148
-0.02366423305822
-0.02442317096096
-0.02517529476216
-0.02591576839205
-0.02664450464283
-0.02736594714908
-0.02808574856281
-0.0288077856678
-0.02953265306279
-0.03024815354564
-0.03075238516846
-0.03054724463944
-0.02924734476776
-0.02689918317481
-0.02391863411079
-0.02079779938422
-0.01784429663485
-0.01510577700562
-0.01247625921727
-0.00995244919277
-0.00772808702132
-0.00598372855607
-0.00471547322928
-0.00374408876461
-0.00284313095301
-0.00186433739165
-0.00078007390593
0.0003553373201
0.00147541590592
0.00254915420116
0.00358677458698
0.00461777272845
0.00566461930471
0.00673109160335
0.00779958553771
0.00881512847235
0.00971478411271
0.01047921214382
0.01114318469993
0.01176714868887
0.01240002373092
0.01305981823988
0.01373815630153
0.01441741004524
0.01508613542727
0.01574391622851
0.01639739213487
0.01705357148351
0.01771495951709
0.01837983982728
0.01904491040906
0.01970340076479
0.020296112644
0.02069734390923
0.02082077071551
0.02068972511738
0.02041318517176
0.02011134306779
0.01985461118816
0.01964953011902
0.01946479621873
0.01926754799698
0.01904559221561
0.01880730082489
0.01856813735601
0.01833474942289
0.01802680673585
0.01741099667762
0.01628396251539
0.0146429968429
0.01267403068591
0.01061611652152
0.00862949474597
0.00674883046574
0.00492205665124
0.00311894747017
0.00151861469352
0.00041440836609
-5.895196768e-05
-2.467293018e-05
0.00024273157663
0.00049443858159
0.00061895508916
0.0006402559944
0.00064172861727
0.00068770735218
0.00078934766426
0.00091799068709
0.0010385757078
0.00113452412435
0.00121106087406
0.00128377435388
0.00136374590231
0.00143225636184
0.00142523097953
0.00128471699108
0.00100739177872
0.00064194782601
0.00025263307268
-0.00011718938623
-0.00045803803957
-0.00078415047488
-0.00111396726034
-0.00145658654945
-0.00180944363964
-0.0021643960958
-0.00251807056107
-0.00290735395923
-0.00341678514983
-0.00410637817281
-0.00496306414429
-0.00591599583169
-0.00688570709551
-0.00782536337505
-0.00873041004399
-0.0096216937341
-0.01052120667077
-0.01143716620856
-0.01236416149896
-0.01329189409179
-0.01421346267769
-0.0151282845499
-0.01599677132435
-0.01657684996235
-0.01654087277464
-0.01576571818228
-0.01441939600503
-0.01282480110622
-0.01125897289441
-0.00983737451677
-0.00852568969808
-0.00722927021101
-0.0058797213446
-0.0044688614202
-0.00303176898862
-0.00165146351143
-0.00051642446457
0.00019604562598
0.00046663078415
0.00043825256833
0.00031100530658
0.00022923081586
0.0002340598297
0.00028912970185
0.00033863793523
0.00038267447281
0.00060178545597
0.00125502035165
0.00244992478876
0.00407024638943
0.00587705754225
0.00766135718681
0.00933522002554
0.01092438425587
0.01250118479641
0.01411832291542
0.01578214099945
0.01738678065297
0.01845101329636
0.01835755426653
0.01688820961014
0.01436822880152
0.01140189461136
0.00849946392969
0.00586677891205
0.0034338715392
0.00102389823612
-0.00148736932257
-0.00407687021938
-0.00639195230247
-0.00787834608671
-0.00825069967317
-0.00769138442314
-0.00667633698746
-0.00565840772988
-0.00539723617967
-0.00481044253991
-0.00426716559988
-0.00364980879212
-0.00293293875018
-0.00216435804148
-0.00140708620441
-0.00070714399217
-0.00011040679841
0.00035325475784
0.00069466138264
0.0009589680538
0.00119832615466
0.00144700954575
0.0017134460696
0.00198840715737
0.00225912835973
0.00251927165052
0.00277035563492
0.00301757314192
0.00322414942869
0.00315997042278
0.00251584993298
0.00117921495839
-0.00068716983492
-0.00277609311636
-0.00482526390448
-0.00672607715399
-0.00851098328926
-0.01025711762275
-0.01188207273318
-0.0130821156926
-0.01361381777718
-0.01350264763291
-0.01300544020319
-0.01242712157746
-0.01195711902205
-0.01162232425595
-0.01134666431647
-0.0110443465335
-0.01067955227901
-0.0102699213156
-0.00985484382773
-0.00946219460431
-0.00909534303818
-0.0087494094557
-0.00844358750417
-0.0082082413592
-0.00805309469217
-0.00795780826222
-0.00788685677666
-0.00781029227901
-0.00771612369469
-0.00760829123133
-0.00749704577122
-0.00738974051875
-0.00728727530002
-0.0071860309907
-0.00708190882348
-0.00697321617395
-0.00686080530031
-0.00674655909856
-0.0066318887497
-0.00651696866938
-0.00640120029486
-0.00628388199962
-0.00616468477237
-0.00604377510074
-0.00592157316786
-0.00578854160994
-0.00554273449115
-0.00499365426743
-0.00403080070907
-0.00271350604947
-0.00121891195581
0.00027421843395
0.0016706222756
0.00296972578138
0.00422118726137
0.00547042335648
0.00673080619596
0.00798707441216
0.00921583252669
0.01040334530868
0.01155007258116
0.01266480647747
0.01375533227711
0.01480135037913
0.01556689625586
0.0156143214513
0.01469283610922
0.01294303111952
0.01077364158351
0.00859414783292
0.0066206191216
0.00485244499485
0.00317516638456
0.00149316467828
-0.00010996211784
-0.0013597882531
-0.00204750710085
-0.0022019818713
-0.00204617678527
-0.00183566623684
-0.00172260645778
-0.0017223123296
-0.00176778288078
-0.00178831120405
-0.00175672611903
-0.001689675994
-0.00161988754358
-0.00156912704561
-0.00153872560848
-0.00151665370688
-0.00149023687409
-0.00145455460735
-0.00141238566477
-0.00137008273927
-0.00134610772531
-0.00138782635844
-0.00153644195292
-0.00179046801188
-0.00210812406392
-0.00243663947094
-0.00274036248892
-0.00301092196042
-0.00325859968685
-0.00349743454082
-0.00373415103768
-0.00395167586924
-0.00408640758316
-0.00407442443657
-0.00390818097147
-0.00363896132912
-0.00333878925481
-0.00305946975828
-0.00281594233106
-0.00259532479326
-0.00237788994431
-0.00215276455527
-0.00192146564571
-0.00169202584822
-0.00147135400373
-0.00126137780137
-0.00105979019801
-0.00086310565587
-0.00066944207171
-0.00047902182548
-0.00029327274694
-0.00011345094576
6.008344944e-05
0.00022771280528
0.00039027098703
0.00054830011018
0.00070169112533
0.00085013428617
0.00099340047399
0.0011311531459
0.00126024608177
0.00137407091121
0.00146856612844
0.0015457426664
0.00161193617284
0.001673641648
0.0017343862516
0.00179431070533
0.0018516716457
0.0019047760519
0.00195303725317
0.00199690595535
0.00203710083012
0.00207409755647
0.00210783786373
0.00213807281322
0.00216450669117
0.0021870796413
0.00220585627669
0.0022210387609
0.00223270359896
0.00224093562031
0.00224568448224
0.00224702629339
0.00224496898175
0.00223958429557
0.002230989569
0.00221927280264
0.00220450970874
0.00218706576733
0.00217291907413
0.00217769092721
0.00221258594522
0.00227350139685
0.00234426340361
0.00240735231184
0.00245257075315
0.00247889245014
0.00249067382956
0.00249271171764
0.00248720018373
0.0024737717658
0.00245112786021
0.00241858705681
0.00237653386278
0.00232618363795
0.00226868118307
0.00220267239864
0.00210702048866
0.00194587035636
0.00170609445079
0.00141127059393
0.00110470579038
0.0008235216322
0.00058374929421
0.00038196804987
0.00020648444109
4.79715524e-05
-9.636332755e-05
-0.00022456499955
-0.00033397873879
-0.00042397109941
-0.00049621643182
-0.00055337164103
-0.00059770056263
-0.00063049506149
-0.00065227164572
-0.00066121123956
-0.00065136032405
-0.00061914100037
-0.00056833927689
-0.00050801049601
-0.00044716560343
-0.00039087787414
-0.00033981773805
-0.00029224072173
-0.00024633694591
-0.00020144541497
-0.00015799467607
-0.00011674113806
-7.814502038e-05
-4.220469779e-05
-8.66458004e-06
2.274642234e-05
5.214829142e-05
7.953392376e-05
0.00010484309837
0.00012808949104
0.00014939824498
0.00016893073428
0.00018676037207
0.0002028671402
0.00021721706725
0.00022981364154
0.00024072746176
0.00025007304762
0.00025797994238
0.00026456147654
0.00026991215168
0.00027412349635
0.00027728172737
0.00027948400218
0.000280852491
0.00028168730763
0.00028229570106
0.00028269364617
0.00028262324568
0.00028180610846
0.00028013346256
0.00027771003666
0.00027475503949
0.00027149501316
0.00026809759488
0.00026467837465
0.00026131496743
0.00025808593951
0.00025506724099
0.00025233402915
0.0002499510756
0.00024797998078
0.0002464721973
0.00024547049662
0.00024500611501
0.00024510255892
0.00024577723029
0.0002470455094
0.00024891805939
0.00025140498844
0.00025451212361
0.00025824445954
0.00026260417641
0.00026759186884
0.00027320714041
0.00027944844518
0.00028631348402
0.00029379912539
0.00030190168277
0.00031061691469
0.00031994022292
0.00032986673175
0.00034039128799
0.00035150850062
0.00036321274076
0.00037549830027
0.00038835919352
0.00040178939524
