0.00285049644579
0.00286267858476
0.00287470493886
0.00288668095026
0.00289852139316
0.00291024925869
0.00292183402413
0.00293331255459
0.00294456038074
0.00295535987944
0.00296536856181
0.00297475410471
0.00298415193599
0.00299444325096
0.0030059796557
0.00301738128473
0.00302536714219
0.00303053816923
0.00304010883054
0.00306363710265
0.00310072024401
0.00313585785831
0.00314966325184
0.00313144712486
0.00308558413851
0.00303318968321
0.00299280770803
0.00295921208647
0.00292120533506
0.00288915448102
0.00288655489533
0.00291484511055
0.00293413191165
0.00291096000238
0.00289306376953
0.00297830901238
0.00322182573682
0.00360276096868
0.00401260995164
0.00425132548946
0.00415211867182
0.00369662987524
0.00307853655785
0.00260696901857
0.00247619019707
0.00259081932041
0.00260187528937
0.00221736929388
0.00151651219238
0.00087083028629
0.00060368262235
0.000759949117
0.00111456265187
0.00138766978078
0.00146431514386
0.00168393137738
0.00270199620347
0.00451574354879
0.00642349774758
0.00789685396346
0.00901372445125
0.01021568201861
0.01174031246577
0.01307838557651
0.01339187388779
0.01224496427171
0.00981664284073
0.00661069328665
0.00309160940573
-0.00037948861277
-0.00342278029072
-0.00539722428769
-0.00554193376485
-0.00299912551784
0.00217879529527
0.00768071335777
0.01060867214531
0.01006024994419
0.0083170410365
0.00871319442849
0.01218974586879
0.01634056831536
0.01796569784143
0.01520184434192
0.00832098917213
-0.00053320840138
-0.00875955727418
-0.01362767985579
-0.01317153145101
-0.00681187378806
0.004062901113
0.01624654639873
0.02693442306009
0.03527969168073
0.04177745877483
0.04552993177806
0.04441616905969
0.03777108418197
0.02843236395185
0.02091515335538
0.01778787714248
0.01815349590722
0.02000194086377
0.02212431745947
0.02323874216443
0.0221032686641
0.01852992844103
0.01441859131473
0.01235823929552
0.01149399002808
0.00728062768611
-0.0052988459443
-0.02761100110947
-0.05467275947156
-0.07543650420399
-0.08028791459703
-0.0639230906171
-0.03070633151411
0.00498388699214
0.02875133049951
0.03635321988442
0.03510013078947
0.0357283481414
0.04400950316199
0.05606217816542
0.06173032938664
0.05391702447402
0.03309839034998
0.0075713825056
-0.01034277551712
-0.01321599158073
-0.00221535836094
0.01599710826364
0.03286485574916
0.04057597292247
0.03412810851856
0.01022126728276
-0.02487131606671
-0.05380000744215
-0.06167538846314
-0.0466418710603
-0.01900867952588
0.00732045787366
0.02331456539566
0.02604138728569
0.01709518943126
-0.00045991578239
-0.02310040282177
-0.04523144321098
-0.06128418213266
-0.069558380348
-0.07305977412362
-0.07652394601817
-0.08292939967601
-0.09235723836516
-0.1022931022171
-0.10669713651876
-0.09971032385364
-0.08052004594482
-0.05454555498128
-0.0328911528694
-0.02421335292186
-0.02495952677167
-0.02333325561603
-0.01096669193816
0.00834237490678
0.02221924713018
0.0215439415221
0.00645777834689
-0.01442429946263
-0.02892827912031
-0.03114812234134
-0.02598446833038
-0.02269429188289
-0.02578560676405
-0.02949643407159
-0.02392623704667
-0.00541908173735
0.01817113963381
0.03486983873379
0.04011979676974
0.03899727362995
0.03953163951688
0.04548319631716
0.05267665186411
0.05375164674469
0.0454112102298
0.03139293846223
0.01856908078601
0.01136439921486
0.00968282244849
0.01023705189729
0.00894451712199
0.00353237395553
-0.00606803869329
-0.01949643283565
-0.03623803818065
-0.05338735591713
-0.06344396295304
-0.05995513503078
-0.04187525044747
-0.01332148528904
0.01820767178034
0.04664440801492
0.07074710214742
0.09251005024114
0.11153241346601
0.12398465882219
0.12726620962397
0.12337464015568
0.11818173188675
0.11684273516597
0.11930639558201
0.11868876605164
0.10230741222676
0.05845904532309
-0.00509388775889
-0.06119566620035
-0.08119023800374
-0.05726199914132
-0.00490945115797
0.0516607204583
0.0915213910975
0.10601667772161
0.10349819530181
0.10229056526248
0.11446033657762
0.13821324809181
0.16108742194928
0.16958629920821
0.15590299662236
0.11912460692748
0.06642329903564
0.01329192183973
-0.02527423995635
-0.04511502077784
-0.05511248505916
-0.06864757399928
-0.09317742786603
-0.12693030097624
-0.16287454791984
-0.19397194306074
-0.21595346565099
-0.22535589515402
-0.22051697133451
-0.20161784860832
-0.1699959380996
-0.13293967259393
-0.09961447453688
-0.07275506208973
-0.04735852110071
-0.0170752188416
0.02051197973428
0.06226792592672
0.10028589543319
0.12368549637654
0.12528282642955
0.10698630970559
0.07757555334834
0.0469816644198
0.02038579002585
-0.0067209279289
-0.04381169998141
-0.09374951113298
-0.14860754757167
-0.19531700468866
-0.22085858813014
-0.22024024508128
-0.19665715096701
-0.15636400884483
-0.10588967143091
-0.04980339219659
0.00894511172073
0.06507922840562
0.11212665544597
0.14734517480842
0.1700575781689
0.1768419894232
0.16533464074345
0.1379517435663
0.10107540363911
0.06330336017118
0.03554912418943
0.02378911068543
0.02148467984776
0.0156788829824
-0.00253048578274
-0.03586285826818
-0.08413821891282
-0.148447045552
-0.2247408818581
-0.30103309292764
-0.36531436982524
-0.41159274285631
-0.43866204865839
-0.44713944108288
-0.44019849180051
-0.42004912612534
-0.38609175068876
-0.33870532308722
-0.27896115168912
-0.20625567913423
-0.12129096797391
-0.02883717470148
0.06428508232953
0.15052687266193
0.21085466254252
0.22251537805707
0.18011537440229
0.09838658850049
-0.00418675999437
-0.11750202624801
-0.22745760349755
-0.29772541942125
-0.29636010179628
-0.22253091690412
-0.10298152863736
0.03038719451481
0.15876622739115
0.27666699155367
0.37592145637391
0.43795209776377
0.44933390682972
0.41136283134381
0.33460956841189
0.23394649917846
0.12474737044494
0.02143882439299
-0.06522355733958
-0.12283732109502
-0.14206482088491
-0.1258469420734
-0.08771469068925
-0.04427794467278
-0.01507205929312
-0.01725087520114
-0.05409667257309
-0.1147078482128
-0.17718249630118
-0.21071643815561
-0.19561751489146
-0.13672116201564
-0.05829168559796
0.01061511363165
0.04642103708856
0.04216561283178
0.0059701756688
-0.0478165999694
-0.10092976658792
-0.13989822199898
-0.15956968884749
-0.16140584939408
-0.15134345493044
-0.13438042497895
-0.10390196748565
-0.04645960672677
0.0402643635432
0.14170481116828
0.238260511231
0.31614010273465
0.37296467540349
0.41653980436653
0.4575766309518
0.49731683588643
0.51291157521925
0.4763025272453
0.38345625123709
0.26139270130137
0.14575937997095
0.05795129763972
0.00864270276596
0.00317078894864
0.0351394496221
0.07898629831698
0.09953138927305
0.07734425443878
0.02116703727329
-0.03644714270126
-0.06485153672842
-0.05534422000779
-0.01793662196308
0.03209353037269
0.07902542291402
0.09880526529273
0.07105169526156
-0.00482830825003
-0.11158481743489
-0.22771074400079
-0.3397810711262
-0.4455879347727
-0.54870245532806
-0.63912665319205
-0.68452942011976
-0.66104435551763
-0.56902465103675
-0.42002454937745
-0.23000660865262
-0.0161802526033
0.20798029295735
0.43808647707884
0.66768879822871
0.86898584099727
1.01215332542409
1.08113153596228
1.07930770342954
1.02871091831527
0.95399403714539
0.86298158292873
0.75090566657517
0.61468904140971
0.45934734599716
0.29495169558268
0.12615300186443
-0.05497715438612
-0.25545412657355
-0.4611398629963
-0.64399998445861
-0.77889778962051
-0.85700388360388
-0.88885138487425
-0.89173835995269
-0.87536192147739
-0.83021681400334
-0.74230737240704
-0.61166213742798
-0.45380925334017
-0.28856986731474
-0.12709258679213
0.03380945512623
0.1982392592923
0.34380075680284
0.4352728358449
0.46193622890768
0.44859977558638
0.4285209689616
0.41000833541589
0.35341851032929
0.20355338642419
-0.0261500878632
-0.23111961821259
-0.32059114997662
-0.28936619358621
-0.19253745378244
-0.09211769435309
-0.02960930873225
-0.02016781012806
-0.05294889880684
-0.09733177033714
-0.11370257994438
-0.08246145046825
-0.01920920993268
0.03863850464269
0.06264319701099
0.05635935861528
0.04747070206284
0.0596867331599
0.09268311811417
0.12752002400578
0.14652661054411
0.14395429711845
0.11837937650767
0.06888176662269
0.00130397208025
-0.06639198350204
-0.10394418399614
-0.09423133431132
-0.04983470773019
0.00126868779827
0.03674918696881
0.05199191195604
0.06036901539318
0.07978952193382
0.1184604797757
0.17174853770338
0.22630182246827
0.26916069779006
0.29608658637625
0.30816994267463
0.30189050430958
0.27304207979995
0.22354371675658
0.16146546782766
0.09652549444677
0.03751059443831
-0.01069312498623
-0.05058509133907
-0.08958125505138
-0.13300190726197
-0.1740488420258
-0.19431581933158
-0.18140767530209
-0.13830715505269
-0.07859747038146
-0.01635580193506
0.04009684525841
0.08763580725651
0.12266397574258
0.13728646685696
0.12718256940133
0.09698848866503
0.05857483351758
0.02349773351927
-0.00322520464326
-0.02336396465891
-0.04002327357441
-0.04984398347052
-0.04615330909625
-0.02660619662806
0.004054885922
0.0340996510229
0.05153601328273
0.05233555038739
0.04118436635243
0.02756477303949
0.02068827826045
0.0242070620672
0.03491247939137
0.04204863543982
0.03246251456629
-0.0001181071692
-0.05173615521835
-0.11073454123782
-0.16244520799022
-0.19742152746622
-0.21339748387071
-0.21374365925668
-0.20527807952714
-0.1965867901162
-0.19487291871031
-0.2022665558328
-0.21602553101818
-0.22952966118395
-0.2327427934908
-0.21908997400032
-0.1899487690715
-0.15348936178025
-0.12333832999267
-0.11094165979865
-0.11799011253307
-0.13650635331112
-0.1510517844289
-0.1474038022441
-0.12203675335254
-0.08189995105886
-0.0380970432108
-0.00318534948257
0.01302262014276
0.0100026610743
-0.00223530635584
-0.01049611063998
-0.00845127764786
-0.00097974848694
0.00216023112983
-0.00483197097826
-0.01960522458497
-0.03152808282767
-0.02996116451817
-0.01231455610814
0.01477126368292
0.03990950701564
0.05522902641204
0.06056713569309
0.06121306812345
0.06221655259565
0.06171732749421
0.05225924354919
0.02960235589099
-0.00137013189276
-0.03064452892116
-0.04956035987192
-0.05362626569055
-0.04440709151894
-0.02869209657311
-0.01569230902193
-0.01140862943307
-0.0157743834679
-0.02362215925143
-0.02775716933553
-0.02395235975127
-0.0133179216606
-0.00160151444254
0.00520307987136
0.00500709219893
-0.00016250197235
-0.00636338381504
-0.00832041042935
-0.00134980612946
0.01524111560665
0.0367027369153
0.05439892693219
0.062142346673
0.05993650427028
0.05353295332841
0.05093253520235
0.05684601786337
0.07126202465558
0.09136612154673
0.11378396069181
0.13558880817669
0.15393174324222
0.16730101841393
0.17633697689403
0.18309728707943
0.19004354811053
0.19896090396212
0.21016591900294
0.22277660510317
0.23558763133859
0.24785479792722
0.25927525591121
0.26707916616375
0.26523840738691
0.24854417570546
0.21576565172923
0.17074953254168
0.12041774026551
0.07177072369693
0.02920160426875
-0.00481451752327
-0.02974092514517
-0.0448308025805
-0.04684764186398
-0.03434216010068
-0.01093887660914
0.01581395599599
0.03935842894015
0.0574538563345
0.07103096358552
0.07984846648884
0.08241344653004
0.07814224558672
0.06573178070194
0.04260672581645
0.00788116844872
-0.03601858367798
-0.08109950223613
-0.1180406534259
-0.14198883116604
-0.1536363862285
-0.15757607855475
-0.15900985431456
-0.16103248102577
-0.1640688193075
-0.16710491974974
-0.16855954610534
-0.16589364283814
-0.15731814162168
-0.14249796624647
-0.12024189759837
-0.09104682202378
-0.05952563654149
-0.03312428314307
-0.01812323875938
-0.01533740492648
-0.02051519453146
-0.02753742546148
-0.03101193544611
-0.02862628242066
-0.0215317720679
-0.01251856293556
-0.00422055698671
-0.00017827303003
-0.00407111450358
-0.01561530055722
-0.03023353038064
-0.04303622430573
-0.05166428805074
-0.05502991511424
-0.05227763647019
-0.04373765261842
-0.03087228402223
-0.01601879922564
-0.00425770355194
-0.0025399846958
-0.01558310501749
-0.04252090539842
-0.07682964904996
-0.11010192781922
-0.13606710340251
-0.15106125836881
-0.15270726623861
-0.14074786395739
-0.11507756970884
-0.07880502498136
-0.04107610974197
-0.01241682312729
-0.00049003736172
-0.00594048140777
-0.02286347108016
-0.0434457839173
-0.06245795968377
-0.0785933478302
-0.0926911650171
-0.10432857226108
-0.11030587518677
-0.10796085703916
-0.09535453132969
-0.06983415524324
-0.03283427355401
0.00762141204351
0.03929481480304
0.05323997470964
0.04971420238571
0.03692523179952
0.02453683841994
0.01719403948966
0.01312983025943
0.00805253180536
-0.00072229159325
-0.01284563584604
-0.02447112733128
-0.02824809383857
-0.01892327136298
0.00284656931932
0.03192399045218
0.06190823332941
0.08733763580876
0.10540975096854
0.11473325739892
0.1153379643167
0.10911152451928
0.09774549213988
0.08145903627378
0.06027502915247
0.03489531530777
0.00674971443587
-0.02218423715641
-0.04808674599658
-0.06682393966612
-0.07713662055905
-0.07988378565395
-0.07618090218556
-0.06607252541943
-0.04687891775766
-0.01958226514565
0.00987968616305
0.03499357869541
0.05299805230262
0.06559105900033
0.07647459432282
0.08840866669774
0.10051810606081
0.10825114014364
0.10830857838185
0.10172022615183
0.09239438096641
0.08447079780762
0.08034119064406
0.07982888437036
0.08070968330271
0.07950026946716
0.07289364323589
0.05928914480295
0.03973632022287
0.01707320513387
-0.00582892279232
-0.02720347898958
-0.04594230582366
-0.06139057566706
-0.07166615359866
-0.07339695124867
-0.06287564547811
-0.03837378135601
-0.00466026671834
0.02953029448779
0.05662740372692
0.07368085232668
0.08222745604441
0.08445331660469
0.08178618450009
0.07518086638605
0.06467597154069
0.05004194521076
0.03193087194159
0.01235314160233
-0.00604665295864
-0.02171825805248
-0.03484538883363
-0.04648715646836
-0.05754431462269
-0.06826183797719
-0.077654000742
-0.08426510628377
-0.08765094970441
-0.08839174045363
-0.0866486940696
-0.081758872598
-0.07142565822861
-0.05345101762215
-0.03030790675493
-0.0084639941329
0.00706148237479
0.0155166050945
0.01936795194008
0.02186426375489
0.02505566149583
0.02878471127273
0.03080640644591
0.02892197240968
0.02030294656551
0.00029040166747
-0.03298686741045
-0.07480341510639
-0.1147180356712
-0.14412106224484
-0.16154795849275
-0.17090123450001
-0.17530154264957
-0.17499992252913
-0.16718027522995
-0.14793584919595
-0.11680194569246
-0.07832494595932
-0.04099445151512
-0.01206377021591
0.00614341002948
0.01586867097198
0.02194688523169
0.02917711472867
0.03977726825604
0.05290652373669
0.06636142112685
0.07856072417937
0.08929243862378
0.09922346640597
0.10910974072306
0.11888086108432
0.12616826323207
0.12796038383204
0.12345487134556
0.11447678714274
0.10389740889532
0.0938385423842
0.08509603820186
0.07858609372558
0.07572571703074
0.0765187928291
0.07738167451944
0.07344047587638
0.06252360338458
0.04613023866517
0.02819571365364
0.01314554352211
0.00319488724274
-0.00246114883097
-0.00625368431165
-0.01031517424364
-0.01547384155317
-0.02146537520869
-0.02764608243508
-0.03358212417226
-0.03923957658017
-0.04482842418554
-0.05051080613659
-0.05549286969259
-0.05748172319541
-0.0547188606938
-0.04749309861535
-0.03775488334832
-0.02854167894805
-0.02321038376856
-0.02325074909497
-0.02760010409658
-0.033872760072
-0.04003429347105
-0.04529022920633
-0.04992211374485
-0.05435227075112
-0.05759334919872
-0.05774635927428
-0.05394560485342
-0.04701872774121
-0.03877921841632
-0.03091119059973
-0.02414151746618
-0.01744809567495
-0.00681132279323
0.01161587880562
0.03605909170809
0.05950339854864
0.07598385216339
0.08444907513368
0.08798067452526
0.09065747876934
0.09479283372071
0.09890448400235
0.09859394490081
0.09091573282174
0.07662819899711
0.05902347808627
0.04176057217064
0.02877163010046
0.02302303363382
0.0244878117719
0.03054524678768
0.03799524394266
0.04460850193187
0.04876906786978
0.04944457167744
0.04681894256484
0.04231410395692
0.03877541694838
0.03907133684891
0.04404050157626
0.0518739832061
0.05837259066641
0.05978535727077
0.05538251216659
0.04721022817515
0.03816130744254
0.03113199285954
0.02886805816
0.03227706714752
0.03930313918539
0.04453952847812
0.04283838148524
0.03301476598329
0.01773991680818
0.0009205292273
-0.01463948078236
-0.02668255896214
-0.03305693096189
-0.03333906806364
-0.02957035458684
-0.02640766010904
-0.02839091249174
-0.0368394549854
-0.04938776767788
-0.06159162932074
-0.07013141497293
-0.07459272895314
-0.07676174587394
-0.07873648756668
-0.08133849128938
-0.08404676962673
-0.08607367744886
-0.08771885288042
-0.09053990677864
-0.09582192557862
-0.10319237335028
-0.10922108924695
-0.10945591610903
-0.10221663681924
-0.09003703480494
-0.07802721055064
-0.0700162610171
-0.06651776095535
-0.06548089967391
-0.06406147356367
-0.06033032683522
-0.05414927474156
-0.04662498445611
-0.03886498730245
-0.03127209617846
-0.02367081328427
-0.01530420253288
-0.00410447942084
0.01162997475973
0.02991349355525
0.04586746566235
0.0560278103583
0.06048416934901
0.06182023271601
0.06271470741936
0.06445719884457
0.06691146460053
0.06918639937675
0.0701159157658
0.06901991172977
0.06615402508661
0.06245260829512
0.05933314510965
0.05809051302453
0.05903980973164
0.06150901973591
0.06446278807272
0.06707636665087
0.06904064340581
0.07041955752195
0.07091351051457
0.06989349619742
0.06712421202942
0.06299821209822
0.05786856913514
0.05116462691022
0.04213600181457
0.03079022543222
0.01793536537774
0.0046111925024
-0.00848407571432
-0.0211894338258
-0.03347784344538
-0.04380860806797
-0.04953693268159
-0.04950970005934
-0.04524702169795
-0.04053320145316
-0.03888044686967
-0.04134629540907
-0.04657523636159
-0.05133761550342
-0.05126725465261
-0.04394397838093
-0.03038114149965
-0.01371531578196
0.00235014715633
0.01324304978736
0.0157436347851
0.01024748908716
-2.066116852e-05
-0.01143699575693
-0.02188660481151
-0.03112135747009
-0.03916657571096
-0.04345410829965
-0.04073425510684
-0.03100262799384
-0.01762940072251
-0.00450421229724
0.0058524173705
0.01188724574221
0.01330015901426
0.01122387174884
0.0074401307799
0.00320781659413
-0.00154749276869
-0.00756137739081
-0.01518194510411
-0.02404007892127
-0.03337827590451
-0.04218495711077
-0.04882198715757
-0.05206695031693
-0.05210282444086
-0.05023530872075
-0.04792727461472
-0.04602998931774
-0.04455054837475
-0.0427950154172
-0.0400518143139
-0.03617534765358
-0.03157135375991
-0.02681978045918
-0.02239874459757
-0.01853487946653
-0.01515148182871
-0.01200634386968
-0.00907213783139
-0.0070886912131
-0.00696897866694
-0.00889944257357
-0.01218542115396
-0.01530021872133
-0.016546830654
-0.01525018521942
-0.01201793854509
-0.00841141574838
-0.00637649273525
-0.00697249076349
-0.00984902865206
-0.01382093237401
-0.01772025144587
-0.02028467256426
-0.02008065384486
-0.01657549824122
-0.01050531106448
-0.00325027887209
0.00400876487979
0.01073569429197
0.01700279275118
0.02314906081859
0.02942687791107
0.03582749153517
0.04217651380867
0.04833505043007
0.05426474581671
0.05979863664262
0.06463985957726
0.0686774624959
0.07209561244804
0.07516251310496
0.077479030153
0.07797686785739
0.07605310309655
0.0721141639287
0.06754839876997
0.06443769600593
0.06417520048252
0.06662252925319
0.07055457107567
0.07466301052411
0.07826663564296
0.08121913550246
0.08295659265835
0.08263154534758
0.07944933217516
0.07246870333693
0.06150144851196
0.04754237103087
0.03236082232592
0.01907194086774
0.01137113007259
0.0106741374665
0.01529873222448
0.02198090420756
0.02791283132147
0.03099738363296
0.02995623727662
0.02503301917584
0.01756893399473
0.00853019279253
-0.00197996583727
-0.01403276412084
-0.02712930081487
-0.03992595758076
-0.05085151121415
-0.05818719477953
-0.06101736585842
-0.06002573372108
-0.05696656284776
-0.05365805690314
-0.05142181068489
-0.05069529030541
-0.05108942998967
-0.05189871851365
-0.05259606391499
-0.05281154649808
-0.05196816764639
-0.04964772624667
-0.04597060872365
-0.04148551079388
-0.03679433286908
-0.03225339418971
-0.02791218915483
-0.02372436681071
-0.02055372056577
-0.02032925954172
-0.02421223507623
-0.03163086516573
-0.04087125065636
-0.05027324412031
-0.05899763286107
-0.0664624632726
-0.07142645102693
-0.07298085105097
-0.07144369439037
-0.06809764944534
-0.06432622856228
-0.06093229859879
-0.05800338448928
-0.05511054270328
-0.05162873104613
-0.04722909677514
-0.04206492744528
-0.03656075862835
-0.03114153022331
-0.02646121759948
-0.02334327262279
-0.02208712332633
-0.02225910110167
-0.02306480221326
-0.02384258096805
-0.02400499363167
-0.02243441655793
-0.01819102697964
-0.0113470726076
-0.00266166655299
0.00727866551027
0.0181762848949
0.02981296672841
0.04193110308904
0.05374938726948
0.06285693543778
0.06680396114848
0.06530220293282
0.06042867346668
0.05505401618314
0.05102469800693
0.0485483924577
0.04676649895604
0.04456997193357
0.04120129259653
0.03662327473979
0.03134594137788
0.02606559934635
0.02156673843776
0.01834377939574
0.01630149525021
0.01492221248285
0.0135619806591
0.01169084185067
0.00914295454122
0.00610822167609
0.00290782844902
-0.00020084233329
-0.00267413925254
-0.00345484105473
-0.00189419853673
0.00170151762609
0.00637056656781
0.01100729510407
0.01475436518676
0.01737954636831
0.01922574374162
0.02082721616585
0.02254053261292
0.02413105252837
0.02452376121167
0.02277325459546
0.01889182105367
0.01371928770154
0.00816648863573
0.00249585278458
-0.00355034074744
-0.0102313913173
-0.01746349181831
-0.02443940350654
-0.02992999961625
-0.03332614148705
-0.03500911754246
-0.03591474691816
-0.0369079329402
-0.03880858366605
-0.04246449779803
-0.04798241373781
-0.0535729500036
-0.05639011919006
-0.05493949646597
-0.04991482000032
-0.04327323136318
-0.03700306873847
-0.03237369737062
-0.02951217111822
-0.02770472176274
-0.02609208673818
-0.02406599153433
-0.02121082352444
-0.01741362084006
-0.01289615295492
-0.00803095976311
-0.00312226136714
0.00168163464065
0.00598138980103
0.00875390065818
0.0092295043337
0.00757535838917
0.00469211739081
0.00156271608201
-0.00125607120582
-0.00372418397722
-0.00608289969778
-0.00855984344966
-0.01121482195603
-0.01383842546892
-0.01552695904054
-0.01515682528938
-0.01240581908663
-0.00793193132509
-0.00280233474071
0.00226618743596
0.007737196274
0.01488072534682
0.02430634816468
0.0345456516092
0.04266000186348
0.04676713319469
0.0472386896348
0.04623782139705
0.0461984193206
0.04827923742842
0.05206504760096
0.05592220962222
0.05778140095997
0.05663889930254
0.05304288504755
0.04837251015064
0.043733609347
0.03912150512653
0.03379453466187
0.02730424365592
0.02073886275719
0.01658371559579
0.01649707463151
0.02012424982442
0.0257089471306
0.03138351209021
0.03589401127813
0.03889378173739
0.04082158184168
0.0423816503737
0.0440271825645
0.04523401980552
0.04440384104583
0.0404172150591
0.03358911665344
0.02543296610779
0.01765195583469
0.01111599171759
0.00557552859362
-0.00033443079239
-0.00823405090847
-0.01871081330548
-0.03096535458088
-0.04295726159317
-0.05263875610447
-0.05937464810164
-0.06366511404411
-0.06538164132438
-0.06388341106124
-0.05927098972144
-0.053408642552
-0.04922702781872
-0.04851497600856
-0.05097923102334
-0.05469543350348
-0.05722220066571
-0.05719564192202
-0.05489573399876
-0.05156265130625
-0.04835241271326
-0.0458805071947
-0.04477582201708
-0.04560358274189
-0.04832969904142
-0.05219177641225
-0.05567128895427
-0.05734869163749
-0.05686345942638
-0.05485593552315
-0.05162219046
-0.04617400113237
-0.03754039176313
-0.02581104369811
-0.01204539711487
0.00208168899677
0.01437102737959
0.02334693931501
0.02917318244901
0.03316515189642
0.03660044214821
0.04006889911767
0.0436277311315
0.04730449189527
0.05122480030263
0.05533589562544
0.05883201729224
0.06065141015439
0.06041797068938
0.05832573628576
0.05452391158717
0.04922480798343
0.04286593122683
0.03617842371106
0.03000135146496
0.02478146030524
0.0204016578842
0.01645630497795
0.01319276655398
0.01195506567441
0.01378474113075
0.01847999007492
0.02494836020735
0.03200637805349
0.03893733411305
0.04559850883265
0.05214064092068
0.05867460718601
0.06518704897699
0.07134217656563
0.07566229316522
0.07643895803838
0.07333618325752
0.06757333227711
0.06102731547732
0.05510471563563
0.05018314259137
0.04584923130102
0.0415760483619
0.03734585491163
0.03352757568393
0.03039393330052
0.02788182497921
0.02569552109106
0.02355569500436
0.02151105228384
0.02065805678853
0.02252496601793
0.02761793016678
0.03503462979236
0.04309227514688
0.05039370982488
0.05567897909796
0.05707696001368
0.05345720144903
0.04505631406232
0.03305563077264
0.01909479327929
0.00516349941529
-0.00674856091431
-0.01579359297117
-0.02254584039767
-0.02823808079581
-0.03356255790975
-0.03833684488233
-0.04216450291414
-0.04499178027916
-0.0471670999466
-0.04901665878479
-0.05028739557031
-0.0504897177013
-0.04948540079086
-0.04760849041067
-0.04540312368695
-0.04341902697404
-0.04227727847501
-0.0423520789964
-0.04351301321475
-0.04527952642902
-0.04716773418526
-0.04893884562978
-0.05060558517562
-0.05228683293069
-0.0540658723584
-0.055938818747
-0.05784506266499
-0.05972034780862
-0.06118044447262
-0.06091588767359
-0.05769625442052
-0.05149280577435
-0.04338672044254
-0.03467697072275
-0.02613527046262
-0.01788864577281
-0.00999985060426
-0.00317348921971
0.00183943361445
0.00480569764197
0.00527212071296
0.00260982784931
-0.00300361196352
-0.01002557294572
-0.01632553289524
-0.02065431081648
-0.02314906478259
-0.02478773133995
-0.02652026125428
-0.02866236663615
-0.03076773374391
-0.03220286915285
-0.03272922381276
-0.0324253481811
-0.03111576427795
-0.02853645440713
-0.02474358832955
-0.02014735196744
-0.01526204944626
-0.01046371293668
-0.00625822308203
-0.00362440674119
-0.00322889075904
-0.00464091451138
-0.00609027668614
-0.00570557130187
-0.00285138001952
0.00162599090144
0.00556025137001
0.00678377305165
0.00468076055489
0.00047502810395
-0.00306590054185
-0.00340544773747
3.788262694e-05
0.00598932967619
0.01260030440624
0.01853616379981
0.02322658460221
0.02680775767267
0.02980069817442
0.03260980460198
0.03493021428977
0.03602449002546
0.03556890450748
0.03425233605114
0.03359470191759
0.03472839162171
0.03768733296756
0.04167090668076
0.04560354310198
0.04800734724494
0.04756956401321
0.0441455077136
0.03872719499063
0.03263968913461
0.02677815061945
0.02135735643773
0.0161452584855
0.01094133031994
0.00586225599764
0.00114336858239
-0.00286238088899
-0.00514360414147
-0.00471037553609
-0.00158461396438
0.00316390111685
0.00818978897832
0.01245949153282
0.01500223754517
0.01523853504812
0.0134205890429
0.0104252186143
0.00733611564046
0.00499084776138
0.00360887820051
0.00283696020729
0.00191084254464
8.12223067e-05
-0.00290047365902
-0.00703588291707
-0.01244868965572
-0.01912384140969
-0.02651202011576
-0.03338472135484
-0.03869687441892
-0.04229840655021
-0.04482144756034
-0.04695538315553
-0.04812412643732
-0.04671841573799
-0.04186010799958
-0.03436043410193
-0.02686083155613
-0.02210766076678
-0.02102237932802
-0.02256755910761
-0.02487339319831
-0.02596514783535
-0.02437563477376
-0.0199602832761
-0.01391117660666
-0.00797705344141
-0.00328895434888
0.0001062534073
0.00286864558131
0.00566413966172
0.00810109863038
0.00826388390921
0.00472987044675
-0.00198944334477
-0.01010758793181
-0.01795472551269
-0.0248340664377
-0.03065777658107
-0.03459253770178
-0.03551384466423
-0.03323832321726
-0.02871943225915
-0.02343808337375
-0.018640297859
-0.01479638349766
-0.01165155076598
-0.00867938554418
-0.00552641870175
-0.00217181946286
0.00120977693718
0.00446054100184
0.00755074596535
0.01055758818563
0.01358292242669
0.01669569439435
0.01990711425684
0.02318035653223
0.0264673855704
0.0297438783189
0.03303003131493
0.03636518717504
0.03976684295815
0.04321975711657
0.04665574503088
0.04959544119753
0.05113271677788
0.05076355024067
0.04878809502943
0.04601016935976
0.04327802779301
0.04135454051159
0.04063265800227
0.04095516835842
0.0418283564269
0.04277900089115
0.04357164065043
0.04410186416615
0.04418043047955
0.04366788636635
0.04262036194753
0.04125219024861
0.03979732605351
0.03836965880475
0.03689174796252
0.03522116334484
0.03329838165391
0.03098962610141
0.02769190617792
0.02281169342195
0.01635116406489
0.00889267603992
0.00127048427926
-0.00584423965584
-0.01225865986266
-0.01819671927157
-0.02384023032103
-0.02886932267332
-0.03284525777472
-0.03570611411254
-0.03781455727779
-0.03967931802374
-0.04155983563628
-0.04302825668263
-0.04336384821104
-0.04229420471912
-0.04035375155367
-0.03886240277993
-0.03897440932643
-0.04088544174627
-0.04393549543891
-0.04724059235077
-0.05024874665226
-0.05284722242244
-0.05440816303261
-0.05319526088445
-0.04801305539283
-0.03960207964752
-0.030437097205
-0.02283356672757
-0.01754797240718
-0.01384968716904
-0.0105053943083
-0.00684749818052
-0.00314564812475
-4.59939963e-06
0.00228315133799
0.00390721058633
0.00525016812751
0.00625002554741
0.0063749111026
0.00527133584263
0.00305345598663
-0.00011879341543
-0.0042790377547
-0.00929068457998
-0.01411801372408
-0.01718881098474
-0.01771400419512
-0.01613976835714
-0.01360594132588
-0.01112609196817
-0.00912065312451
-0.00760727248549
-0.00687670883459
-0.0073749548301
-0.00919455778381
-0.01196717566873
-0.0149672275714
-0.01675810347802
-0.01583396622556
-0.01183832215795
-0.00569982351406
0.00096672637815
0.00669850759244
0.01095093507157
0.01410994303719
0.01674012677614
0.01836900623825
0.01788774991071
0.01483391060609
0.00979412340448
0.00390420152031
-0.00166306730402
-0.00534671907079
-0.00585120042508
-0.00316289188459
0.00157297291026
0.00692540647133
0.01183106408934
0.01566278521254
0.01832807802503
0.02018370573435
0.02171814706071
0.02312966500772
0.02399750168756
0.02376418510628
0.02231801394475
0.02004912425572
0.01752358989488
0.01513655740035
0.01298087138328
0.01094286042069
0.00889756760554
0.00681502912537
0.00473721572318
0.00271270770156
0.00078879468744
-0.00077981505728
-0.001599598249
-0.00151990299079
-0.00074912266316
0.00032389541445
0.00137760044933
0.00228716923987
0.00309652554811
0.00390446354015
0.00474732390175
0.00556942801055
0.00629937724276
0.0069167887536
0.00745798459805
0.00798008193099
0.00852247886489
0.0090923621165
0.00967534636034
0.01026421713169
0.01087591653064
0.01153004253163
0.0122288863218
0.0129566712146
0.01369241976651
0.01441214982839
0.0148954991435
0.01457573979751
0.01303333877603
0.01036036374782
0.00704247503509
0.00360471045975
0.00033937373135
-0.00273784218306
-0.00567404567672
-0.00813409886041
-0.00959885717853
-0.00989643402754
-0.00932676483147
-0.00840761824444
-0.00754890667325
-0.00689347255504
-0.00637532335773
-0.00595603214679
-0.00575460984189
-0.00589458631308
-0.0063706180997
-0.00705537386374
-0.0077927040483
-0.00848378634293
-0.00911256261767
-0.00971506555612
-0.01033122048162
-0.0109635603848
-0.01154752769855
-0.01200621305795
-0.01232007002045
-0.01253372916741
-0.01269963807161
-0.01267295644419
-0.01208274584367
-0.01069783420825
-0.00862304929564
-0.00620969986092
-0.00402820033058
-0.00272506148136
-0.0025640366112
-0.00329589450537
-0.00442055225463
-0.00565442788232
-0.00725527795987
-0.00963565094851
-0.01290130218
-0.01678292202939
-0.020826201384
-0.02434070804382
-0.02657195170468
-0.0272775104966
-0.02684751650837
-0.02595246702623
-0.02511762264844
-0.02452458572192
-0.02407235374084
-0.02330536497117
-0.02124866378821
-0.01717728766118
-0.01120236709443
-0.00403177188701
0.00355502182511
0.0108813590911
0.0171184659899
0.02169186579644
0.02456899828375
0.02578730335245
0.02541010973225
0.02375632054696
0.02128824424428
0.01823130906222
0.01458520580944
0.01037378185937
0.00578098624196
0.00126117801619
-0.0026518497278
-0.005740882539
-0.0081930989113
-0.01038884106344
-0.01263517167631
-0.01481169639719
-0.01565142044864
-0.01359548431605
-0.00826135884657
-0.00092130062007
0.0059887112935
0.01057961608692
0.01260130333212
0.01310795298982
0.01341083762358
0.01425185790028
0.015634739972
0.0171676075937
0.0185065963865
0.0195824276693
0.02054243904569
0.02156507752528
0.02272628525905
0.02398598232798
0.02525336161262
0.02635367450751
0.02692802914165
0.02670981140436
0.0257554923199
0.02437383512158
0.02290221513401
0.02153250540635
0.02029143513392
0.01921267446133
0.01841869487289
0.0179856605031
0.01786145675446
0.01790265055511
0.01790479903856
0.01756179484587
0.0166524234621
0.01520459138809
0.01344052792062
0.01160429602218
0.00974917966778
0.00765444794946
0.00508748987646
0.00202827064244
-0.0013395996439
-0.00477996737253
-0.00809935843807
-0.01099702043785
-0.01315321780984
-0.01451046871192
-0.01530618056468
-0.0158882332705
-0.01651162248066
-0.01725535054765
-0.0180677190931
-0.01887579859964
-0.0197633878496
-0.02099134127384
-0.02273797110627
-0.02494686578252
-0.0273193900678
-0.02942004002557
-0.0309765211452
-0.03202805315953
-0.03281991994045
-0.0336007351128
-0.03448910130511
-0.03543245202482
-0.03616405027753
-0.03639889299557
-0.03607912175762
-0.03538488808967
-0.03451209642035
-0.03301106361514
-0.02983214055575
-0.02439899854022
-0.01722078057695
-0.0096811655
-0.0030272960205
0.00236111829587
0.00686665218791
0.01086987937144
0.01435430329905
0.01718269454571
0.01937619307861
0.0211552880022
0.02280547788313
0.02451544079331
0.02613695119505
0.0270953769748
0.02692803706963
0.02567962548477
0.02380418574546
0.02182467933482
0.02016358847701
0.01909729455798
0.0186397785761
0.01858225709407
0.01866134269038
0.01870476029032
0.01867730568453
0.01886231310024
0.02015487165949
0.02281719940628
0.02534140582993
0.02585370417565
0.02367574448981
0.0195337141766
0.0148693685109
0.01101193297423
0.00848092037701
0.00694553165665
0.00573048895304
0.00454775278092
0.00395335025929
0.00463653430067
0.00627074533147
0.00741436087055
0.00681722121272
0.00430200115801
0.00060510410973
-0.00336632036563
-0.00710211725263
-0.0105777847228
-0.01402002385186
-0.01762434266924
-0.02141958317779
-0.02528317082941
-0.02871656629322
-0.03079232634777
-0.03096142230122
-0.02948870032398
-0.02716941244582
-0.02479215911856
-0.02289575382771
-0.02170190658715
-0.02109710453357
-0.02079082672301
-0.02041167489096
-0.01924163141993
-0.01656998432891
-0.01229414551542
-0.00693309265103
-0.00123041823421
0.00380188217647
0.00669196700631
0.00656947173805
0.0038216256294
-0.00032682821327
-0.00466941164695
-0.00859531721044
-0.01212295657441
-0.01545689152512
-0.01825425660957
-0.01983418870347
-0.01991132401591
-0.01882268507627
-0.01723109488308
-0.01569148847567
-0.01435713358905
-0.01295337713758
-0.01113330246888
-0.00879391318933
-0.00610132829471
-0.0033220980754
-0.00069825315542
0.00159702125807
0.00353993170191
0.00524413493231
0.00685203298691
0.00825523447955
0.00898926662311
0.00870808087933
0.00749702198727
0.00576853138037
0.00396562475927
0.00256288745004
0.00242534685168
0.00425243540711
0.00796986672465
0.01284529097877
0.0180210312001
0.02284890341105
0.02685871874861
0.02990513746097
0.03220997262578
0.03414824955985
0.03567047386412
0.03593554598206
0.03419214283878
0.03051105339618
0.02567166578965
0.02057854704513
0.01576919460291
0.01130100706128
0.00701890514107
0.00335240992633
0.00136421404971
0.00167242747737
0.00392904900882
0.00708816400222
0.0097448787369
0.01080782704702
0.0101227779476
0.00833224294426
0.00627241813593
0.00446065199361
0.00296195437585
0.00157297528865
0.00011271804335
-0.00121544306677
-0.00187910405314
-0.00154991516395
-0.00035850561966
0.0012634858521
0.00289866052926
0.00435103573404
0.00565133993287
0.00695020520274
0.00842297474787
0.01015487042355
0.01203987527458
0.01349281296976
0.0136956305997
0.01232195688045
0.00973438605115
0.00663507579895
0.00359964527129
0.0008392725528
-0.00170248166885
-0.00398021224833
-0.00578734448448
-0.00701016057561
-0.00774935383622
-0.00824399259939
-0.00871874005273
-0.00928253064927
-0.00992584684518
-0.0105853321628
-0.01121242374111
-0.01184895358341
-0.01266957515936
-0.01382847981401
-0.0153269241327
-0.01702669562049
-0.01860979097969
-0.01949402272876
-0.01925977064547
-0.0179786799139
-0.01609721887136
-0.01410287127619
-0.01228633645198
-0.01071344044316
-0.00930030518758
-0.0079272062471
-0.00652338240778
-0.00508453273873
-0.00364202747662
-0.00223954544845
-0.0009331680181
0.00024938236173
0.00144510881178
0.00313065987613
0.00575776121521
0.00936296400272
0.01351136841441
0.0173933212391
0.02033657310621
0.02223655788147
0.02347804040902
0.02444237650024
0.02497862131918
0.02468046572739
0.0234009447365
0.02139030117188
0.01909103937925
0.0168562558739
0.01480826754446
0.01288451863959
0.01113757961581
0.01004220189046
0.01006782513212
0.01123056693064
0.01311625755221
0.01520046090885
0.01714086254241
0.01884748380768
0.02039610829597
0.0219059451265
0.02343851544883
0.02481099204263
0.02556079294474
0.02537893690235
0.02436604984208
0.02291015500917
0.02140467064141
0.02004966732257
0.0188320995563
0.01762260247693
0.01630568915332
0.01485787689927
0.01333474087694
0.01180897672818
0.01031912237927
0.00880513128555
0.00703638238001
0.00479788461454
0.00207863949804
-0.00094391281372
-0.00404583216519
-0.00708558740768
-0.01002370194168
-0.01261053943254
-0.01420977220151
-0.01438922210101
-0.01330080910889
-0.01151758767004
-0.00962870207124
-0.0079463087226
-0.00647172366932
-0.00505009357975
-0.00354785334271
-0.00193726334142
-0.00027408262759
0.00133909740617
0.00254202020549
0.0027764011185
0.00179778712596
-0.00014103537227
-0.00251942664259
-0.00488982543559
-0.00706759484983
-0.00908364529898
-0.01096905447715
-0.01268628734792
-0.01420476964412
-0.01555210660322
-0.01680267063552
-0.01802955774602
-0.01919994608432
-0.02013976885151
-0.02071383807825
-0.02094671862045
-0.02098701259501
-0.02099631608329
-0.02106354141674
-0.02119107888231
-0.0213358676393
-0.02145909624601
-0.02155083093949
-0.02158338323847
-0.02139464174267
-0.02080005489544
-0.01976967870426
-0.01844190800767
-0.01701315066121
-0.01562182925138
-0.01430442439281
-0.01302517295335
-0.01173470738166
-0.01047521644029
-0.0096612622982
-0.00986355668126
-0.01127159027965
-0.01357403912153
-0.01623307675529
-0.01882691861929
-0.02120704584045
-0.02328598105227
-0.02469015768684
-0.02506389470637
-0.02442749963978
-0.02315121326603
-0.02168918217413
-0.0203340321876
-0.01914367325964
-0.01800750209679
-0.01670144614615
-0.01502769429919
-0.01296395703115
-0.01065004432558
-0.00826792718064
-0.00593170513038
-0.00360428591625
-0.00107180505654
0.00185560709656
0.00507411933281
0.00775459423311
0.00879972440101
0.00780826271531
0.0052863910827
0.00215824873764
-0.00084484077179
-0.00347702553369
-0.00588224244326
-0.00831313650478
-0.01082653312335
-0.01288242961602
-0.01367629028471
-0.01289996631483
-0.01093374720402
-0.00848720330368
-0.0061309472399
-0.00409367357975
-0.00264277416905
-0.00231939530234
-0.00327851359142
-0.00473851591242
-0.00559580441062
-0.00527888328262
-0.00396779702666
-0.0022488132608
-0.0006369524038
0.0006810506211
0.00176021007124
0.00264352138146
0.00331770874751
0.00378131936647
0.00408060033547
0.00429464398961
0.00449610197044
0.00472287400159
0.00497493629912
0.00522694706475
0.00545127727708
0.00563912687476
0.00580163863817
0.00595741161587
0.00611917814886
0.00628925320823
0.0064628641481
0.00663456840802
0.00680232056832
0.00696750802605
0.00712971456211
0.00720161740565
0.00690836130747
0.00601756122433
0.004546297996
0.00272437808921
0.00082032070899
-0.001004711724
-0.00273111449653
-0.00436672124878
-0.00554267106729
-0.00561545788095
-0.00429849302545
-0.0018819030276
0.00103173108351
0.00391690135658
0.0063261936459
0.00759587997365
0.00727646153095
0.00552164209188
0.00293836267988
0.00016997778302
-0.00242332164837
-0.00484873073472
-0.0073323696684
-0.01005885065515
-0.01303865845275
-0.01610974112081
-0.01865191631837
-0.01964396467482
-0.0185580965653
-0.01575316025691
-0.01211451327231
-0.00844447543828
-0.00502602422279
-0.00159287254446
0.00224265837105
0.00655926842369
0.01074172748718
0.01381586639275
0.01530526884662
0.01550977117299
0.01515282562186
0.01486230467788
0.0148826677027
0.01511739150099
0.0153530983692
0.01545664179365
0.01543493101168
0.01537613708835
0.01536041986167
0.01544916966949
0.01573886610321
0.01629487142026
0.01708848632147
0.01801975083081
0.01898390061442
0.01992125777885
0.02082529362992
0.02171850778395
0.02260493558436
0.0233105815841
0.02351522265018
0.02305636683914
0.02205466616316
0.02079593234418
0.01953612824748
0.01838679266854
0.01732310309199
0.01623333441474
0.01488377365636
0.01305651227089
0.01073333968096
0.00808763691493
0.00541181970475
0.00327241697235
0.00226505928395
0.00252324753409
0.00367030143947
0.00513952123013
0.00651908940488
0.00767908019323
0.00857210407566
0.00905692799564
0.00904098878543
0.00859197952952
0.00789691342334
0.00714729090084
0.00645127740067
0.00581980561165
0.00521023884018
0.00457797028884
0.00385889269998
0.00294744775221
0.00178592725951
0.00041407459799
-0.00106645644268
-0.00255990890675
-0.00402391129167
-0.00550316196306
-0.00709598099364
-0.00885729345094
-0.0107603463557
-0.01272904692525
-0.01469396188284
-0.01662576561863
-0.01852915942666
-0.02030301395337
-0.02158073529208
-0.02204080408455
-0.02169917143295
-0.0208668521178
-0.01991398781826
-0.01906696605829
-0.01835688831595
-0.01769840985219
-0.017001932565
-0.016237928681
-0.01543632237273
-0.01465033419134
-0.01391373734523
-0.01322342010098
-0.01255314083425
-0.011877442791
-0.0111866776157
-0.0104858201178
-0.00978513307155
-0.00909064174415
-0.00840108955028
-0.00770165512536
-0.00697011633252
-0.00619653148084
-0.00538963720778
-0.00456821490553
-0.0037480079631
-0.00293516730625
-0.00212739580186
-0.0013195600808
-0.00051079282171
0.00022544976247
0.00066139715077
0.00060511084852
7.097919386e-05
-0.00075133575966
-0.00164059305728
-0.00246432438463
-0.00320689060569
-0.00392044754346
-0.00465814598284
-0.00543267030053
-0.00619033179798
-0.00684126282175
-0.00734053152709
-0.00771634964221
-0.00803767476487
-0.00836465650353
-0.00872113826765
-0.00909739242184
-0.00942753742579
-0.00950370552429
-0.00911865923674
-0.00825224959388
-0.00706960855756
-0.00578995279095
-0.0045596923236
-0.00341056564702
-0.0023003150252
-0.00125852729501
-0.00056746323475
-0.0005282474659
-0.00117656463361
-0.00227826730395
-0.00351728779632
-0.00468060595922
-0.00571200882422
-0.00649975701788
-0.00671758628399
-0.00613343662662
-0.00482779293112
-0.00311608269344
-0.0013297931251
0.00034844829911
0.00190994787174
0.00345565010542
0.00513889491946
0.00706150615874
0.00920624759502
0.01147161725951
0.0137520382001
0.01598924370431
0.01804802201887
0.01953195416433
0.02010568248779
0.01980078811029
0.01896216208452
0.01799270848015
0.01713615728439
0.01642555233116
0.01576913117904
0.01507201568921
0.01435420816325
0.0138627723053
0.01387637672445
0.01445296308585
0.01541264148694
0.01649360217487
0.01751312892106
0.01842800628915
0.01929176005764
0.0201618482847
0.02101700019143
0.02178788556484
0.02243500322869
0.02297856557611
0.02347534093075
0.02397726154647
0.0245059668534
0.02505462689402
0.02560179250981
0.02597551763736
0.02559649265305
0.02392305792541
0.02094262778113
0.01713379870939
0.01309585092348
0.00921239970997
0.00561885898574
0.00247382845088
-6.213299165e-05
-0.00200067491856
-0.00353497433402
-0.00491553588507
-0.00632025955048
-0.00780507170208
-0.00933309929004
-0.01073859196983
-0.01165268050359
-0.01179595501579
-0.01121533727493
-0.01021417966579
-0.00912731263039
-0.00814505929717
-0.00728135706057
-0.00645398877092
-0.0055856764121
-0.00465625119486
-0.00369450002256
-0.00274166029977
-0.001916425034
-0.00157218724712
-0.00203193614547
-0.00329452296427
-0.00506271889298
-0.00696997362883
-0.00878423312186
-0.01046487835021
-0.01209054697913
-0.01373665791271
-0.01527284735936
-0.0163538516512
-0.01675489264483
-0.01655457629358
-0.01604007396853
-0.01549817253358
-0.01507148055034
-0.01474875217466
-0.0144456772693
-0.01401881483442
-0.01312816934695
-0.01145251082003
-0.00897891267706
-0.00598857651779
-0.00284143238261
0.00022642978012
0.00316234287175
0.00587846079528
0.00788326143629
0.00866293101507
0.00817675537396
0.0068592078117
0.00528473017023
0.00383938153695
0.00260959080261
0.00148239966631
0.00034928965632
-0.00074296222382
-0.00167271129917
-0.00238054264748
-0.00291249565273
-0.00337261954468
-0.0038496895007
-0.00437641717222
-0.00493819802502
-0.005538092657
-0.0062388074512
-0.0070954815307
-0.008101280974
-0.00919640500389
-0.0103054347163
-0.01119402289213
-0.01126301220184
-0.01002837548777
-0.00754621908695
-0.00431962110065
-0.00093299201688
0.00207284850272
0.00413234628175
0.00498783116377
0.0048575109761
0.00423235382569
0.00355508762737
0.00303029200535
0.00263615707788
0.00225642095347
0.00181806333937
0.00137664552375
0.00105221104609
0.00090922630167
0.00091570187834
0.00098494765831
0.00104073053363
0.00105412208643
0.00103905257599
0.00102389625412
0.00102605544035
0.00104462198418
0.00106811101277
0.00109812833912
0.00120608289341
0.00149601320264
0.00200485653329
0.0026782594254
0.0034186842982
0.00414835287981
0.00483989499746
0.00550717352256
0.00617597818442
0.00680836961949
0.00711947953581
0.00675815773796
0.00563744217833
0.0039796136856
0.00212780766058
0.00033480328868
-0.00132565194308
-0.00290672527016
-0.00429980114268
-0.00493887586758
-0.00429631679406
-0.0023724232035
0.00035102156389
0.0032815416846
0.00604733872919
0.00858946635884
0.01104169065913
0.01354817011238
0.01599111867234
0.01760592992828
0.01754991872705
0.01567560079736
0.01257211249802
0.00907504740122
0.00576328701949
0.00277532727318
-5.478315664e-05
-0.00294279917927
-0.00598311810136
-0.00912740776619
-0.01208618262439
-0.01410389795001
-0.01452517115674
-0.01336571947125
-0.01123076513022
-0.00884843789372
-0.00666667673994
-0.00475020968763
-0.00295944080878
-0.00127723020015
0.00014113641441
0.00117479629695
0.00185949180832
0.00235253783966
0.00282126240418
0.003356151538
0.00395739630551
0.00459956215106
0.00545745317598
0.00689686176785
0.00911499254452
0.01188263958398
0.01425521936515
0.01509839605327
0.0140106212638
0.01148761592959
0.00842030698153
0.00549882139227
0.00293974254535
0.0005910672191
-0.00174166572576
-0.0038653444927
-0.00531434911542
-0.00584286811475
-0.00561550941284
-0.00503910143106
-0.0044800834804
-0.0040943117824
-0.00383933159066
-0.00359569673926
-0.00329343247019
-0.00304175586904
-0.00308213625862
-0.00355465475949
-0.00439555928763
-0.00541396026021
-0.00643089455589
-0.00736638864427
-0.00823772552868
-0.00907809174676
-0.00969079403558
-0.00966677621051
-0.00878484357657
-0.00718871064902
-0.00524464628722
-0.00329016296992
-0.00147819704242
0.00021802560262
0.00190525728048
0.0036759001812
0.00555390105548
0.00750037552416
0.00945869043574
0.01139084696678
0.01312515671334
0.01406236324608
0.01363389143062
0.01182317971006
0.0091315541014
0.00619102153252
0.00340832599177
0.00085926573721
-0.00159044737441
-0.00409538602412
-0.00671378481605
-0.0094049902416
-0.01209509367749
-0.01465222105134
-0.01653723383035
-0.01704708639326
-0.01597642811949
-0.01375047242342
-0.0110667034461
-0.00846360169773
-0.00612122356852
-0.00394109320088
-0.00184216916505
-2.952321083e-05
0.0012224565571
0.00185574900746
0.00206217109496
0.00212658873317
0.00225383722375
0.00249807143067
0.00280422358271
0.00309500377174
0.00333335700073
0.0035317278249
0.00372453716887
0.00393676690046
0.00419088254563
0.0045591254728
0.00511853982262
0.00587638366368
0.00676734230649
0.00770303855843
0.0086224546969
0.00950992106311
0.01038123019958
0.01125258293996
0.01196779008743
0.01201144552686
0.01094312600813
0.00878982235001
0.00597920167767
0.0030141383432
0.00019744927541
-0.00243366330605
-0.00499774907074
-0.00761604479889
-0.01032102509524
-0.01289402825543
-0.01472030657097
-0.01529937042712
-0.01467337687448
-0.01333250914967
-0.01183958270728
-0.01052335911821
-0.01018982093744
-0.00916428874399
-0.00816902559035
-0.00732187301866
-0.00674498539389
-0.00644298869425
-0.00630942199746
-0.00621100797814
-0.00606488335599
-0.00586091616848
-0.00563346233077
-0.00541874479806
-0.00522891320458
-0.00504252235581
-0.00481601987608
-0.00452217710715
-0.00416871590463
-0.00378614037305
-0.00340400880852
-0.00303582296282
-0.00267911723318
-0.00232461032968
-0.00196907040997
-0.0016843468037
-0.00166285047368
-0.00204719672031
-0.00280610727151
-0.00377499085389
-0.00477636014018
-0.00571178684069
-0.00657630962355
-0.00737725790922
-0.0077868095928
-0.00717942301671
-0.00524099545096
-0.00222140424092
0.00130015673834
0.00475869262964
0.00747755086056
0.0087301206726
0.00830981467982
0.00665524062419
0.00448795596771
0.00237406746721
0.00052176396125
-0.00100874112146
-0.00186917544339
-0.00167283180452
-0.00040202683834
0.00157613776115
0.00377622682647
0.00586165743491
0.0076206628491
0.00860802576749
0.00838433375781
0.00694374786044
0.00471109301857
0.00223338936951
-0.00011955295586
-0.00225533006298
-0.00422726802448
-0.00594120681823
-0.00719142598326
-0.00789970407342
-0.0081909781758
-0.00829502106319
-0.00840351947713
-0.00859266926405
-0.00883794917196
-0.00906639004357
-0.00911271324935
-0.00876092881527
-0.00793675946685
-0.00676003666998
-0.00544192622091
-0.00415264588271
-0.00295586290997
-0.00182753133329
-0.00072210568204
0.00033033460168
0.00122241612438
0.00188519789742
0.00234702868415
0.00270166957056
0.00304110141403
0.0034099147596
0.0038034225836
0.0041945254539
0.00456205882658
0.00489820927781
0.00512887394871
0.00507518168255
0.00462430935059
0.00383079553116
0.00286351181579
0.00188910678953
0.00099950145345
0.00034528975097
0.00027681920883
0.0010369706876
0.00253245390457
0.00442169388421
0.00634998948744
0.00810888390987
0.00943192952848
0.00982683822711
0.00901783907452
0.00720278678317
0.00488517170945
0.00254433953697
0.0004189772628
-0.00149819894761
-0.00332837743449
-0.00516784395007
-0.0069536221635
-0.00831373110352
-0.00886228411636
-0.00855781784995
-0.00770118341037
-0.00669152700325
-0.0057934173196
-0.00506206087038
-0.00441615222396
-0.00375784381545
-0.00304822946372
-0.0023104053658
-0.00158965695448
-0.00091445123899
-0.00028512725953
0.00030442539765
0.0008448383934
0.00132552787014
0.00174958102418
0.00213309800377
0.0024948994446
0.00284700971878
0.00319194952857
0.00352612908317
0.00384518244225
0.00414729449405
0.00443338765942
0.00470536108672
0.00496449514526
0.00521077397904
0.00544261991944
0.00564162418947
0.0057622920576
0.00577396601285
0.00568908109684
0.00555065058237
0.00540234180084
0.00526714193952
0.00514509460231
0.00502506493682
0.00489780495067
0.00476134454002
0.00461943364093
0.00447504921108
0.00428173326899
0.00389391892611
0.00319961350992
0.00222815254021
0.0011191727741
2.306039029e-05
-0.00097523191491
-0.00186815312996
-0.0026897672894
-0.0034624959189
-0.00412073575037
-0.00454721764205
-0.00469793653047
-0.00463769971419
-0.00448388891234
-0.00433141793964
-0.00421572884494
-0.0041231736052
-0.00402494589348
-0.00390971781101
-0.00379891275036
-0.00372064413272
-0.00368133639927
-0.00366359595129
-0.00364209526088
-0.00359968253281
-0.00353293684234
-0.0034478307356
-0.00335150098306
-0.00323534493016
-0.00302686909861
-0.00263739622165
-0.00205704248263
-0.00136276045399
-0.00065936956907
-1.958008099e-05
0.00053723978083
0.00102278990407
0.00143319979183
0.00175122964828
0.00197611442304
0.00213059513947
0.0022469271936
0.00234972776602
0.00244829400262
0.00254001482214
0.00261830365613
0.00267710352545
0.00271381722281
0.00273110022616
0.0027347122153
0.00272989239792
0.00271937949581
0.00270349736709
0.0026816113767
0.00265333701745
0.00261901360703
0.00257699569252
0.00251611472762
0.00242526598625
0.00230681161102
0.00217507548556
0.00204623386675
0.0019299608761
0.0018276692802
0.00173593220832
0.00165096682328
0.00157104403195
0.00149639533143
0.00142786941234
0.0013657286909
0.00131023875456
0.00126638273715
0.00124056010671
0.00123204188517
0.00123264639389
0.00123247990624
0.00122520162128
0.0012094859802
0.00118720160865
0.00116074791074
0.00113144410288
0.00109924063516
0.00106291778738
0.00102164748169
0.00097614561498
0.00092822848818
0.00087965888837
0.00083140759708
0.00078363713797
0.00073614177988
0.00068874552158
0.00064144281348
0.00059364143524
0.00054416249575
0.00049295010275
0.00044145745553
0.00039156138521
0.0003444910463
0.00030046128714
0.00025901414778
0.00021954071948
0.00018167028975
0.00014551662513
0.00011129247305
7.875674356e-05
4.728681249e-05
1.626672312e-05
-1.463253587e-05
-4.543820501e-05
-7.602186684e-05
-0.00010625423974
-0.00013607213767
-0.00016545304517
-0.00019437298009
-0.00022282512436
-0.00025082442223
-0.00027838799814
-0.00030551180883
-0.00033217409198
-0.00035834218429
-0.00038398651439
-0.00040908353618
-0.00043361786935
-0.00045757940575
-0.00048096180297
-0.00050375832223
-0.00052596143195
-0.00054756439334
-0.00056856482801
-0.00058896392516
-0.00060876683797
-0.00062797673763
-0.00064659798455
-0.00066463414631
-0.00068208879049
-0.00069896429551
-0.00071526502175
-0.000730993744
-0.00074615521905
-0.0007607526181
-0.00077478990513
-0.00078827104415
-0.00080119960273
-0.00081357994128
-0.00082541602378
