-0.00052955565618
-0.00053291322534
-0.00053614781699
-0.00053880269126
-0.00053901028956
-0.00053600737243
-0.00054846504096
-0.00059314529443
-0.00065305103647
-0.0005493475993
-0.00040141521959
-0.00026156005438
-0.0005440380868
-0.00119855269721
-0.00137202297287
-6.955721023e-05
0.0010986093976
0.00117197409527
-0.00043570540809
-0.00421566299514
-0.00324262295451
0.001407551906
0.00631866921888
0.00633459728431
-0.00474864183995
-0.00900083222282
-0.0016683881398
0.0041494309928
0.0049354295645
0.00504348572085
0.00153511687395
-0.00822429418554
-0.0147066108223
-0.00879405652287
-0.00628640473663
0.00405767466689
0.00656544329356
0.00285029756651
-0.00131483017126
-0.00900831119071
-0.00732344973013
-0.00165856174141
0.01036520037705
0.00618253595255
-0.01014172239628
-0.02899227743188
-0.03723814342979
-0.02030633607568
0.01733264084997
0.05001629701265
0.04813294726138
-0.0090109324291
-0.03638123097701
-0.0545230567334
-0.07334077488664
-0.06042983628297
-0.03588208628896
-0.02034437412759
-0.00217782540777
-0.00315436830096
0.01981489813535
0.05689908364171
0.05740350385232
0.02706112932187
0.02725129597731
0.02903265229245
-0.01193640678217
-0.04583416486122
-0.04336079452996
-0.04155353268459
-0.01124635662947
-0.00154263242824
-0.00867078868637
-0.01377663179198
-0.00533829183514
0.0244573225805
0.02634810763202
0.00414177145334
-0.00568825017419
-0.00728099062509
-0.02477489251562
-0.04964165229656
-0.0601975834677
-0.03339723254953
0.0350994206201
0.10284912116619
0.11285532400346
0.02765329787749
-0.02712042289084
-0.04089110644263
0.00940958962438
0.04282652689977
-0.05011879793752
-0.11884135441204
-0.11588333232718
-0.12795325585813
-0.09051018139097
0.03293646817324
0.08343571744228
0.12291613499033
0.10203058902518
0.0401207857326
0.00529119451899
-0.00381877374903
-0.00789633135295
0.00671588538216
-0.03793597586342
-0.07500952771021
-0.10126661782552
-0.03880264862304
0.03550307480923
0.00065927190434
-0.04951088542867
-0.05212160817947
-0.05274889967723
-0.04935257254366
-0.03960443363539
-0.06278237708414
-0.0619703242762
0.01925874947871
0.08822501857254
0.06718763905545
0.03914631292142
0.05324896492627
0.0293796919811
-0.00798305763923
-0.01389953848532
-0.03295283763585
-0.06743997898346
-0.07384189051936
-0.05764394729993
-0.01829321082989
0.02216073536423
0.03465212239871
-0.009490948332
-0.02859216386192
-0.02307271624712
-0.01417116298573
-0.03443317050944
-0.04518263192424
-0.02375485193577
-0.00399412291326
0.00169575240513
-0.04154025536271
-0.07300698891573
-0.09793817616344
-0.04718259786879
-0.01499523029471
-0.00458227876716
0.00084432047676
-0.02296468015428
-0.02987923793933
-0.00889956461362
0.00142625817726
-0.00838012037568
-0.02463816560547
-0.04973121815941
-0.04985126875329
-0.03928167079216
-0.03051945269704
0.00991632658013
0.03674435687874
0.03068994531198
0.04780093160006
0.07422865595507
0.03325367224438
-0.02453211225936
-0.07955772447728
-0.16312092781369
-0.16011092943946
-0.12143651024058
-0.1129776405936
-0.13194967073219
-0.10963504825692
-0.03282118561317
-0.00795051108765
0.002810523431
-0.0061106318783
-0.03940507317218
0.01281274543211
0.04791688687777
0.05388422281715
0.08598270904809
0.11118299515452
0.13215207612789
0.11618198355389
0.05170176155869
0.02606569604522
0.01315803841531
-0.02155120597262
-0.06748195892471
-0.10261796594286
-0.10521158750309
0.09906180345805
0.22186522873824
0.18997439982143
0.19321253209064
0.14391472112342
0.10201510471735
0.08059354441655
0.06435626491818
0.04990560545543
-0.01258082307463
-0.09208991124662
-0.13927544782932
-0.13531066248648
0.03742035549417
0.09785688354737
0.00825219190416
-0.08991051852477
-0.09860140494574
-0.15342553232894
-0.21287536063277
-0.22714677034917
-0.21345377978397
-0.20761116805576
-0.22132103557232
-0.20895200053418
-0.18609671371009
-0.17627243968767
-0.14890711216907
-0.08800822646096
-0.03480709529963
-0.01743669964728
-0.0590579407724
-0.0776319581084
-0.07078722133331
-0.08804200396781
-0.03138619626905
0.00991738050444
0.03772072982221
0.06478872794526
-0.04527495947004
-0.1631601106658
-0.18771052792626
-0.25237934690241
-0.2757842558418
-0.20491770103503
-0.17447663764633
-0.13134044819425
-0.07572179406797
-0.02325108083867
0.06949088263576
0.16752734638726
0.26153550608807
0.32360409434821
0.3517544951567
0.3136438605498
0.21696878847201
0.19045356361532
0.21873071858998
0.27897718620631
0.30595304561658
0.35514322176113
0.38723256139255
0.38550568340432
0.37862354588878
0.33791846357717
0.31727417540203
0.30662458305186
0.26393557380052
0.22870051206015
0.2027107150878
0.2009086579526
0.17607121449837
0.14601501641309
0.19000602935265
0.19128454693374
0.15844223562621
0.13236651962875
0.14297374256955
0.30840161981161
0.43747819611069
0.52491697298901
0.51151938808294
0.55216404382744
0.65193338101563
0.67258758292444
0.64761595000379
0.54977306370419
0.52033246127136
0.5445207912117
0.38369265034971
0.18386765790339
0.11669025123733
-0.02520978676787
-0.11822670292471
-0.23934809805946
-0.22922912650173
0.1803175970856
0.43285757007754
0.48787725765938
0.37315317125562
0.31739597270136
0.4433696683834
0.62199921627097
0.55602685933829
0.47862266926088
0.45060244521708
0.3849620803416
0.27728028546036
0.2036269093075
0.19567633094809
0.13236309703022
0.0424583143085
0.00813311852117
-0.05603769820671
-0.14842369963218
-0.17410876731492
-0.25094846467651
-0.26238560874999
-0.24291881248905
-0.37133553539609
-0.46627948074265
-0.53927253142094
-0.46061460809661
-0.25266495684852
-0.40347220130371
-0.46642523623168
-0.36381950902907
-0.3208153846719
-0.29100136493762
-0.25894754951851
-0.3010868186339
-0.34560042696247
-0.28301514434527
-0.30631194637944
-0.43690308153738
-0.49192666380031
-0.61166757152197
-0.73250666128849
-0.58557131993334
-0.49979793229038
-0.55975359705249
-0.74173917982751
-0.82243744395695
-0.79316006406771
-0.60922749481293
-0.368833379831
-0.40108476179962
-0.36806305912097
-0.25929323196981
-0.19966826103788
-0.18679515985103
-0.25841456831328
-0.26497592573233
-0.25834045135206
-0.27252039507332
-0.20442661715661
-0.14150096301686
-0.09640659872845
0.01893841786063
0.04606431690912
-0.12410177032861
-0.22010483288857
-0.21439593854422
-0.11505356462134
0.01499708321874
0.11120964421479
0.13414450055361
0.14072745574958
0.04779396838236
0.03855556061346
0.08462738363521
0.0383596463529
-0.09810585988717
-0.22809601034776
-0.2142341322483
-0.14964804574002
-0.17062243764213
-0.23357004362072
-0.20509532209656
-0.11038578934296
-0.0477275109606
0.12586429054979
0.20127558411891
0.19780034838618
0.26082254340854
0.26770538904792
0.26857602730101
0.30248536320474
0.31941235531678
0.2993145026997
0.2699808269657
0.26777561132806
0.26168574636138
0.26255319805721
0.26300592522799
0.23670526189281
0.21990714831843
0.2114739835666
0.18893794257071
0.1815008720111
0.21624780038903
0.24230899984791
0.27498856069441
0.30570307790341
0.31465199284719
0.28906323000578
0.28343931052144
0.25710099860245
0.21109737970791
0.19902091783357
0.1585538831506
0.1293604159356
0.12619120771951
0.10912276787175
0.08304076137424
0.06805317881693
0.06578543584481
0.06433552869192
0.06966313375821
0.09575007351843
0.08202185379252
0.07470633268891
0.09992087568852
0.07260725301182
-0.04359936144941
-0.12962431008416
-0.18082260739941
-0.2590947212552
-0.25580961677172
-0.22045370189713
-0.20140434463594
-0.23211732757663
-0.28445440603652
-0.29609962049636
-0.33745275413611
-0.22673676664967
-0.15664962014212
-0.04975477507893
0.15294542436994
0.32999845256323
0.48210475019067
0.52862742385505
0.54340183753439
0.42575721240068
0.31115315298668
0.24102316498721
0.0860973897029
-0.02033168690891
-0.0641000893194
-0.12796977874757
-0.17671761353756
-0.18814567002184
-0.19180903065297
-0.22395254175764
-0.30245857251971
-0.37953844188145
-0.22350807603158
-0.17674239787173
-0.21442756807544
-0.2103049891384
-0.25613606185889
-0.32944706013834
-0.36455607583638
-0.33150274362651
-0.27164633422171
-0.24909542262531
-0.2586725614299
-0.14851280521454
0.10480108811691
0.38231216293662
0.43879223790408
0.50196443715847
0.61921817793618
0.50727985069277
0.18279957112144
0.18207952720358
0.08691083515438
-0.00475201723022
0.06671246435915
0.0723271664316
0.03014866725585
0.1006418637715
0.11794076252081
0.04264944873318
0.00286961990551
-0.10635202093668
-0.24641033506995
-0.2480647483859
-0.20592477114667
-0.22589728584525
-0.19492418541645
-0.24382214245911
-0.24549602918047
-0.14494480525964
-0.1262816115289
-0.2125892786041
-0.1712945651806
-0.15060920582313
-0.23489022248733
-0.26745978809839
-0.29897118066117
-0.3119926337911
-0.24306917078299
-0.25507411215016
-0.23957328143846
-0.15033752231241
-0.08036358120168
-0.01938773423495
0.02155744926442
-0.07191912187471
-0.15162194092544
-0.09746431149623
0.02854077767575
0.13334384853939
0.25561098803647
0.31590135933047
0.10836128690758
0.11914077277291
0.13221486310778
0.05597218495006
-0.11462125502109
-0.27415309259172
-0.29344722465796
-0.36783634147367
-0.38278094091429
-0.23319627225736
-0.24884533689151
-0.30267785486677
-0.15285041775564
-0.00495169516895
-0.03087467121597
0.09688095908233
0.23904454897623
-0.00489427340731
-0.16942263982718
-0.19380841829639
-0.29438607884033
-0.17861609353473
-0.05177066200767
-0.10328448750099
-0.10900760333233
-0.11258283795239
-0.12373271979081
-0.14607343662934
-0.04686483910064
0.04684987408363
-0.07905520439895
-0.14959399228741
-0.16924265835288
-0.35013702230073
-0.28393936396841
-0.13005709176696
-0.04718192515115
-0.03623027077781
-0.05481480375273
-0.07950148764285
-0.05555298744279
0.02655400643862
0.06187667489924
0.00462751135722
-0.01896283633082
0.06157209903646
0.12120035094216
0.18172511122499
0.24987518498646
0.25797848205259
0.19152637122283
0.14108918900777
0.15477238385995
0.12386738133978
0.09930087786624
0.11247669018977
0.14101637027358
0.19232548896874
0.23954389429937
0.29992514148531
0.35837439081264
0.36842148780128
0.37683624133344
0.38095516163067
0.36965492149831
0.349635906668
0.30902807336284
0.23213963347738
0.16577379573464
0.08365666388035
0.04304472345695
0.04911343912514
0.02730707253125
-0.0195677983237
-0.02072534474993
0.06065131381391
0.06275657777248
0.04977418947403
0.09674235564402
0.13408844075014
0.12818056360863
0.04986087563329
0.03020112742983
0.08708569453296
0.07868179889957
-0.05829806488891
-0.32782994134428
-0.46351685362754
-0.22635980872906
0.31936538310251
0.06009222644337
-0.18269229036069
-0.05130419723453
0.0014154769919
-0.02728798859394
-0.07843949072587
-0.21964549656201
-0.38040164483428
-0.55934784209599
-0.57006683058183
-0.48535728097782
-0.52634124605912
-0.45831509396849
-0.21265466203805
-0.14606670945292
-0.27146222202504
-0.38995706784131
-0.27714031298264
-0.16425203761681
-0.08025106032456
0.08622251518425
0.26881265868198
0.48494184832893
0.77216785104912
0.93854048350549
0.71690763740522
0.48595517353443
0.49962455997186
0.36090971017726
0.19823537246112
0.0555676928144
-0.12646961840665
-0.19246557946711
-0.09432738192488
0.05235227951818
0.21142193646485
-0.25768260431089
-0.49584695536229
-0.51217192419536
-0.36664834572261
-0.41341331575862
-0.53650447535643
-0.44448224894621
-0.25469809839466
-0.27036191560868
-0.21621428252759
0.02273541326117
0.0293986460957
0.07840384849292
0.00012548898492
0.03987420521177
0.15069099412588
0.06143052147805
-0.01785122353725
-0.03485638071843
-0.10317967337159
-0.13433073712178
-0.14192630939941
-0.15391756037247
0.14284970287808
0.46282100394065
0.43579899846057
0.36465344286346
0.15061262842166
0.04617070071302
-0.01365953171408
-0.10633923930149
-0.15597572229406
-0.19737689033384
-0.25300886899024
-0.29121392010826
-0.30241101020224
-0.30314073181249
-0.25594073770153
-0.15872147245782
-0.08300937968636
-0.07013835566277
-0.12150248377772
-0.22343903395783
-0.36813540577261
-0.5195050185721
-0.16527763696875
0.06606702128713
-0.08408373336423
-0.04901303896764
0.09234648811557
0.10216263051597
0.12111089129788
0.24230899984791
0.18744321117918
-0.02121040957576
-0.00254481648543
0.12197315008561
0.06520621415327
-0.18608550174939
-0.23938055373515
-0.38543345477332
-0.49219020388695
-0.15988692626685
0.48515440349957
0.22545848510986
-0.02563219443651
0.15168071520361
0.131876851998
0.11114030708944
0.16724539508095
0.19553057545906
0.22441152402228
0.30206780618435
0.39212699530793
0.39490862374591
0.35775726089189
0.30182480168887
0.132875306603
0.11737344911173
0.09224562767758
0.00096522967078
-0.14600073591579
-0.1768643131917
-0.13877185376318
-0.14255229086808
-0.24977970628959
-0.32219764239457
-0.3117185898676
-0.32984715010417
-0.38577901920399
-0.410920483824
-0.38193544105729
-0.23330178270852
0.01238494422027
0.03349497724265
0.10081016120255
0.40314209757673
0.86440475700149
1.104898363382
0.9190726250588
0.81837234107105
0.75325634189416
0.52452597061237
0.39664812994249
0.36923948884942
0.25739227353923
0.1075172505065
0.04225476411261
-0.01246657909619
-0.04600822169946
-0.02746928009734
0.0195341034313
-0.03768731817934
0.01631932744653
0.1103263895554
0.13277923780294
0.04567748066104
-0.16016722528421
-0.3495615536655
-0.38369147014332
-0.34733934305586
-0.38564317744863
-0.2688066396294
-0.23956891467482
-0.42706570722405
-0.55158491655241
-0.58078428479935
-0.4638390499717
-0.30887110591312
-0.33273192858054
-0.37261417099782
-0.39684274597602
-0.49585757721979
-0.49030954500625
-0.24767622444267
-0.24347162116161
-0.21497707217011
0.01645763583325
0.39864586529697
1.24884365185089
1.43871525569585
1.20464374238049
1.05943834755018
0.71439946278755
0.51835561556996
0.55572083182165
0.65385286868652
0.54433833130398
0.12865713094846
-0.20542932050461
-0.04180724165201
0.2854679672833
0.28474225837477
0.15856485907001
0.13657006072407
0.0987590805193
-0.07147089129027
-0.07803578932848
0.04551011559303
0.02913844599315
-0.13784680799557
-0.27411650619366
-0.41838882985291
-0.5959459241949
-0.65579879298053
-0.72828506303542
-0.56108085715744
-0.27663966943247
-0.35584603466572
-0.43619838030257
-0.23607692001136
0.03557539785674
0.19579340742186
0.25097077057726
0.19944673629868
0.0200549993231
0.14027720701221
0.35481571448821
0.36028797745159
0.34593902817544
0.35465107569696
0.55501353413278
0.75696537651253
1.00124189843136
0.98556380072004
0.70595130941458
0.52710483959274
0.22533845812011
0.21999412952929
0.247041745488
0.21913069053518
0.18113925677355
0.15078045377016
0.09984822218322
0.01128709027278
-0.03389564550962
-0.16972583484849
-0.2641588688493
-0.0781208231988
0.02767430555121
-0.06983257598947
-0.16025432451571
0.10363080726375
0.39000250578728
0.52367940856962
0.69657468767547
0.5766692591832
0.28324410438471
-0.18559618818056
-0.41698202383735
-0.61257821877163
-0.63504108697142
-0.29529979462661
-0.24936297541368
-0.59249677102336
-0.77889538152773
-0.87923829902091
-1.12262624354955
-1.11715858339109
-0.37638823498822
-0.1014187936373
0.18754400080479
0.58782811059018
0.21718358603478
0.12945282609585
0.23902424942634
0.12369837578489
0.02838430591271
-0.02406835015885
-0.04932794163633
-0.07550303101173
-0.07577576490614
-0.11062902987971
-0.13481804433975
-0.03967077303651
0.12346740939459
0.09057282674609
-0.02077433511713
-0.07838531925262
-0.03866930890522
0.30749014641747
0.34885968492603
0.37550284415527
0.47039120178092
0.39423838453765
0.2289070481782
0.08113095139574
-0.11440720098834
-0.36036775940348
-0.33121406514379
-0.0365519360291
-0.00142144175499
-0.12737011588137
-0.05413092135862
-0.01952177027454
0.07182671171446
0.15005745933632
0.15009994676632
0.06714314527459
0.06763212838563
0.05172652228873
-0.0593877730519
-0.11087032307591
0.05224845676215
0.34310747700721
0.5419199703925
0.2840212702918
-0.08988384586038
-0.01296490944183
-0.0426757201274
-0.14093245759933
-0.08531933864102
-0.10906218787781
-0.16105072778694
-0.16715959407648
-0.23020079042171
-0.24803701353576
-0.25609558077975
-0.29655317381161
-0.26535370979741
-0.154490314533
0.07962301349471
0.19873731423832
0.4422197932987
0.51231685353992
0.51888434803219
0.55843306412396
0.53246557305236
0.33011977778001
0.11928499399363
-0.06492995144175
-0.31107337103479
-0.35892247865964
-0.36077457654573
-0.38782596916489
-0.440742765003
-0.45669903736018
-0.39657590131149
-0.37062528719126
-0.38260910286407
-0.34689641159811
-0.34401458363771
-0.35010527474887
-0.23309217805385
-0.08758349378573
0.01453556351036
0.06346688498764
0.15716135763234
0.2115016003961
0.2369549935647
0.23810451458748
0.17554920921256
0.04897083478717
-0.04434961865083
-0.11038536446866
-0.11612062462373
-0.0865991662512
-0.09525488252178
-0.12062323001799
-0.16152351846633
-0.19423400072022
-0.14887642680296
-0.035648228393
0.0139766767749
0.05387571352909
0.13159490069169
0.18598707253656
0.19654555295351
0.19941876540726
0.20196647693896
0.20041722001227
0.19443133122844
0.1592294332876
0.0988463095735
0.03723017703667
-0.00830699242741
-0.07180655378934
-0.09921312952123
-0.12814669168526
-0.15606411975259
-0.17615961195689
-0.19512847914236
-0.19729274161831
-0.19616505441373
-0.22733619347459
-0.24353004137786
-0.18877519210968
-0.07726671963723
0.01859127195341
0.08705712173628
0.17953748066254
0.31941353552317
0.41395786298646
0.33689640484439
0.2395749337274
0.18266231311841
0.10648138335897
0.06623267505588
0.02648641601873
-0.03225199567594
-0.14299569440839
-0.21298972263186
-0.22434649465025
-0.226641878056
-0.20440006251286
-0.19517663156303
-0.11693582858273
-0.0468020049125
-0.04925188913663
-0.04619254633328
-0.01538368342555
0.02531093045539
0.05774399339552
0.06322655956067
0.06266617396309
0.08836543952869
0.08478488217781
0.01419983019891
0.00650942007649
-0.02346414349806
-0.14167823001647
-0.14531409183873
-0.11272776729694
-0.114971481267
-0.15443519889464
-0.19074955937766
-0.19659323329162
-0.15858433247543
-0.11312856538661
-0.00170124272525
0.01489877202654
0.08158156599708
0.19379366571653
0.20876611802793
0.23355847759811
0.23951816580009
0.21636747331687
0.19634373766101
0.16343285636228
0.13066489805724
0.08853351272053
0.03564571455339
0.02858511802978
0.02553232537189
0.00419548264609
-0.01601004256026
-0.06538914614354
-0.09903712534245
-0.10328348432556
-0.15672727772251
-0.17656100014976
-0.1889072572046
-0.194780200237
-0.17328392106972
-0.16714354326959
-0.16359171214222
-0.12996656993694
-0.09933339255226
-0.08482584714157
-0.11160685447703
-0.17182494993177
-0.1572122245277
-0.04993832077653
0.00101101200098
0.02730625818884
-0.03342895649726
-0.11780735199061
-0.09768416034236
-0.08232359715997
0.00282609389389
0.0660240853787
0.0838220225975
0.13266841642303
0.12319548984258
0.04096280398075
0.05617859124542
0.07788328305891
0.05791253866991
0.01108950011915
-0.00256709760185
-0.02873178227773
-0.07900482138821
-0.09195962826336
-0.10780409966932
-0.14156398603802
-0.13322228728133
-0.12281652557111
-0.13004422751733
-0.16314748245744
-0.13582487841012
0.01732074436957
0.12102084155041
0.18613247396367
0.16422796140647
0.10759229983077
0.11899383707749
0.15746762119026
0.12830106268093
0.09552283658031
0.10359233253547
0.12586759512767
0.15517672256878
0.16786335114618
0.14129159440347
0.08696708379087
0.04780837870237
0.04784542538092
0.07499830394746
0.07064624568016
0.09786487354462
0.11389764687993
0.08776412437355
0.0667925531647
0.06408964449286
0.06413507063677
0.05261845146507
0.01750477395179
-0.02237043443541
-0.0506885307697
-0.07455229215103
-0.10263794683703
-0.13237513513539
-0.14644768007526
-0.14693203677726
-0.14256704344794
-0.11471244956876
-0.06163714021055
-0.03790956284443
-0.0209369085472
0.00487073537109
0.00814053021729
0.01711456231343
0.0403575705404
0.06505963251977
0.08628288274104
0.09972039402924
0.10817791824094
0.09601552553942
0.08471186280853
0.08325815539108
0.06889693196848
0.05544202443811
0.039484288625
0.0080498490594
-0.01408719130116
-0.02716567200379
-0.04477098773785
-0.04780888619112
-0.04079091872227
-0.050392098331
-0.06606404716703
-0.09946538683479
-0.13302082605075
-0.12494538185539
-0.11392781295523
-0.13365235448945
-0.1221160730793
-0.06533588342921
0.01756285190819
0.04647148811329
0.06619395248426
0.10242226411946
0.07686665327552
0.05053487969993
0.03871397971704
0.03046589493112
0.02224293673921
0.00359316313532
-0.03398031351596
-0.04875568316248
-0.05364393279638
-0.0324922266864
-0.00661694513996
-0.0001628886632
0.01865613609654
0.03535675282113
0.02493361847286
0.02636972901306
0.02396181292812
-0.00377680560984
-0.01931008845662
-0.01656436189699
-0.00391412616381
-0.01261037544261
-0.03846221809016
-0.07589244010974
-0.10707965358162
-0.11916850762305
-0.04968360863368
-0.0156559452374
-0.01625687092443
0.00960741109846
0.03566010126927
0.04857185421535
0.02831600736898
0.02437614798507
0.03467338971784
0.02017362186725
0.00594093236206
0.00447756023448
0.02329583426494
0.03449716129985
0.02873593660421
0.02790907220609
0.02869125399033
0.01949136815796
0.00390396104618
-0.00676762563025
-0.02522134098841
-0.03523809487079
-0.02638786878526
-0.01802164533981
-0.02967226514491
-0.01962798884954
0.00797825773985
0.01512173661753
0.00890546328515
0.00509171367472
0.01360088725861
0.01590345812128
0.00034257992475
-0.00684304199871
-0.01354005942133
-0.01768554616438
-0.00875330753688
-0.01087324972231
-0.0135332378284
-0.00648234614193
-0.00955417670908
-0.01667983329008
-0.01850352360839
-0.02290825448682
-0.02827041599618
-0.0328440226068
-0.03780897385391
-0.04052446352585
-0.02968465731199
-0.02828443684808
-0.02086020693399
-0.01129269389271
-0.02305722013723
-0.02628213409488
-0.01894120314771
-0.01383786089944
-6.381386567e-05
0.02075154533176
0.03425112367395
0.03777509012848
0.04370382151689
0.05609342755239
0.06528978456766
0.06835236113652
0.04956007643096
0.01354710525347
-0.00514482650284
0.00033915921455
0.00943923522866
0.0123156779073
0.01203265261318
0.01946021070929
0.02844321001358
0.03886168254661
0.03048418813014
0.02278085120714
0.02601257495565
0.02072966430531
0.00526364732166
-0.01200946155764
-0.03637445659234
-0.04169007076172
-0.04125240302446
-0.03657264865122
-0.02841861451243
-0.02853586801717
-0.03144944352943
-0.03912591895502
-0.04282431991382
-0.03893924571049
-0.04147183879835
-0.03089184321893
0.00011929290138
0.03848072372634
0.0505351157412
0.0381367525743
0.03455425968494
0.03424311007257
0.04640549097202
0.0601170225796
0.05258658589257
0.02324726877203
0.01459063194047
0.01687128637049
0.0108486978888
0.01405989312738
0.01660189246016
0.01013765658527
0.0076505038038
0.00576957465583
0.00214053088588
0.0053897866003
0.00763893778119
0.00594712490498
0.00238807563533
0.0004705605614
0.00458863771919
0.01933788231708
0.03542271455621
0.04997779868024
0.00559142958267
-0.01464169947091
-0.01182459402888
-0.03867486767731
-0.04511340101746
-0.02922178036627
-0.03706491273603
-0.036994525227
-0.02291259764633
-0.01477239552642
-0.00199369196739
0.00170630345025
3.112555949e-05
0.01338783640129
0.0275611945709
0.05195780733476
0.0686515434561
0.06419851853224
0.05658179695612
0.04529936613816
0.03287182826932
0.02975714558839
0.03340466784978
0.03122697462512
0.02326413392133
0.01878399965671
0.01450818272214
0.00788884176321
0.00780895359274
0.01305206768365
0.01189159434558
0.0009135317921
-0.00188380295052
0.00946138298175
-0.00013169805073
0.00156991643954
0.01348463692931
0.00378829373883
-0.00370350063061
8.058954352e-05
0.00607692400363
0.00716100258215
0.01323483444504
0.02433075724735
0.02629962475356
0.02870721038071
0.02927463000836
0.02335457313691
0.01924053889413
0.01454500516147
0.00817410944947
0.00634130793784
0.00892509129761
0.01902796011936
0.03358687991416
0.02911912601456
0.02281253974868
0.00892400432752
0.0010051307965
-0.01148286408877
-0.01435435462141
-0.00813279986544
-0.0179702709557
-0.01770997643663
-0.01091917981434
-0.01053335146251
0.00022399502919
0.01431094663043
0.0080473741666
-0.00539940764278
-0.00963127251123
-0.01821132811063
-0.02019339032426
-0.02165756617239
-0.03090150910926
-0.04079325553092
-0.03927323231648
-0.03516415494053
-0.02246127492116
-0.00935525174203
-0.01122913269743
0.00527624720507
0.03158998250622
0.04020900616017
0.02994691097366
0.01680571410352
0.01487560457513
0.01610415221771
0.01030062302407
-0.00696188878207
-0.02190762830207
-0.01719177141539
-0.01429926258718
0.00514431193286
0.00126152024867
-0.00815596495644
-0.01604049188509
-0.0274854371228
-0.03844879914352
-0.04027173412974
-0.03749346927997
-0.04940063054782
-0.05800176227291
-0.05210054149543
-0.05287891121303
-0.05658756816536
-0.05460851547802
-0.0477151896059
-0.03254584346264
-0.0081414189127
-0.00491007046982
-0.01602160858287
-0.00039416462164
0.01486871216982
0.01712016829378
0.01965961838076
0.00832842615564
-0.02485080339056
-0.03271856666766
-0.02829933105271
-0.02676260791786
-0.01819849926718
-0.02591305995294
-0.03265187320462
-0.03570210481465
-0.04498971538791
-0.04566598545081
-0.01776934081799
-0.01260644535533
-0.03784023752115
-0.0497628240865
-0.05726860626207
-0.0540922341932
-0.03777702566696
-0.01813560606872
-0.01131269248997
-0.00294109202421
0.0098182868354
0.00843965470676
-9.128327559e-05
-0.00156723501062
-0.00162245450714
0.00032069689195
-0.01027933682164
-0.02603890536019
-0.03317879995107
-0.03248283224354
-0.01509745977211
0.00044862760587
-0.00045496991698
-0.00838668586382
-0.00514480761954
0.00115522590442
0.0026064185381
-0.00150120246316
-0.00099991097969
0.00454525805316
0.00636890942465
0.00390919408131
0.00018796922917
-0.00148332941761
-0.0034868489636
-0.01152638892019
-0.01604426854554
-0.0081149480636
-0.00870164990324
-0.01298539782474
0.00033950631325
0.00478721334515
0.0027620700577
-0.00753237930674
-0.02901380439641
-0.02399020869384
-0.01939357625657
-0.0175909880285
-0.00587486558861
-0.00690393002652
-0.01086614960067
-0.00328940987639
0.00189729979078
0.00507426432326
0.01170300090526
0.00383860711739
-0.00516577752666
-0.0076461641849
-0.00391963890785
-0.00287459801606
0.00403110232004
0.00213982512246
-0.01667603302551
-0.00324179917045
-0.00444193570463
-0.0044466400073
0.00036477618433
-0.01148198837563
-0.01828635383077
-0.02159086090729
-0.02224219320919
-0.01516192264507
-0.01265185969718
-0.01343237739041
-0.01295414595957
-0.01366941004155
0.00212227427325
0.01022129663185
-0.00497421232664
-0.0015719039071
0.00274915033836
-0.00039219875186
0.00099383515918
0.00216331240981
0.00130427794594
-0.00164416912449
-0.00459865531102
-0.00697805642939
-0.00946708927964
-0.00520873349859
7.502928437e-05
0.00094369055012
-0.00259866458213
-0.00142760597296
0.0043697188757
0.00581193698396
0.00417480897078
0.00312628174932
0.00714307170648
0.00969672557735
0.01108947415461
0.01208231569803
0.00922237112449
0.00915842400172
0.01029272980374
0.00865602902527
0.00731732091835
0.00685734728035
0.00663377488307
0.00836523325229
-0.005061396533
-0.02081694056777
-0.02543800327729
-0.02325855154511
-0.0181359719327
-0.00770849796554
0.00346968994291
0.01052642719163
0.02021570802708
0.02545663873617
0.03905581469552
0.04827472545488
0.04808200955364
0.02949166996328
0.02233170006172
0.01880978716631
0.01756679379753
0.01998089416394
0.0199922477494
0.02190342676732
0.02019190326421
0.01094046719698
0.00981960630615
0.01554317651694
0.01543642684907
0.01267017650033
0.00481205905005
-0.00016555840807
0.00196207895906
-0.00056024987384
-0.00557647518752
0.00946912631587
0.01878158023361
0.02571843211735
0.04183377269163
0.05482845874065
0.06179072046794
0.06006974351166
0.04695767413519
0.03057129916371
0.00835735419444
0.00400359524974
-0.00578816762728
-0.00508830051785
-0.00393464051126
-0.00477272277111
-0.00285691852435
-0.00135982790025
0.00822514865496
0.01317708694643
0.01869897758846
0.01923856794946
0.01005565112455
0.00857152506762
0.00798385781916
0.0033661291927
0.00082893353596
0.00021005702778
0.00855067082073
0.0152044336792
0.01999922276916
0.02597214108477
0.01352321787616
-0.00168740362514
-0.00389010660338
-0.00491144423006
-0.00757296542425
-0.00282549434904
-0.00538196655277
-0.01153321405374
-0.00790395312581
-0.00234870867103
-0.00146524865573
0.00230186391904
0.00728549665308
0.01061784833893
0.00912686292247
0.00493707477221
-0.00083580174704
-0.00620009270279
-0.01445611201626
-0.0221435869654
-0.0269550287675
-0.03196426135833
-0.03294592162641
-0.03397961719419
-0.03610833185371
-0.03690825213997
-0.03447984767212
-0.02922798825187
-0.02177574023811
-0.00203925265483
0.01251868520826
0.02572722465495
0.0374457417336
0.03570602309986
0.03218900806096
0.02794846749535
0.02485127547311
0.01548395376035
0.00325258035582
-0.00551995392334
-0.01463804083111
-0.00471027333025
0.00844186169271
0.00449513822844
0.01077686934777
0.0179713803497
0.01258137777163
0.00211615608333
-0.01442388057978
-0.03413285519172
-0.03376588181716
-0.02965438501811
-0.02327330412497
-0.03147763866006
-0.03063367307136
-0.02739208279744
-0.01347728424351
-0.00180925049314
-0.00175944342312
-0.001825998802
-0.00576579681518
-0.01282347350819
-0.01623414014938
-0.01279128927996
-0.01310416199366
-0.01750816114413
-0.0128503350056
-0.00520555284238
-0.00366658377477
-0.00716604796446
-0.00831052714555
-0.00675778152876
-0.00720719231959
-0.01390483761201
-0.01756058591192
-0.01814377309693
-0.01046030140787
-0.00574754492338
-0.00815070831719
-0.0073651924499
-0.00518112375033
-0.00162566702893
0.00186439799707
0.00552630697434
0.01379599897883
0.01748474584937
0.01899824252249
0.02371401679471
0.02297545543861
0.01695038380267
0.01811468100944
0.02095779820028
0.01990030967171
0.02097128795931
0.02234214488826
0.0198590024481
0.01673284816107
0.01595559963954
0.02053209775581
0.02462999857726
0.02579710467523
0.01420312297474
-0.00348297670644
-0.01855001193805
-0.02947489923049
-0.02523022794252
-0.01752778797638
-0.01520901287999
-0.01424614149761
-0.01134389006566
0.00038126838841
0.01197759598514
0.01818986015642
0.01126138655784
0.00597444314226
-0.00889584224267
-0.03242491951604
-0.03179716773779
-0.02588368461592
-0.01911969756197
-0.01850167068436
-0.01946908586134
-0.00856634632199
-0.00394631629306
-0.00010068057454
0.00151706797765
-0.00313578595136
0.00039795320217
-0.0031572586264
-0.01121356223454
-0.00434952554438
0.00299447393939
0.00224958785725
-0.00436093105893
-0.00707572204869
-0.00231807169338
0.00016538125909
-0.00639138763554
-0.0105668032324
-0.00676923189115
-0.00523296077535
-0.00761206566192
-0.00926701243115
-0.0071464553582
-0.00513969142484
-0.00404482694014
-0.00199580099621
-0.00114405525095
-0.00513647654264
-0.00662991324776
0.00569579995446
0.02099020666772
0.01608296751303
0.00336797385528
0.01316580417335
0.02272421310254
0.01726896871529
0.0082164375516
0.00688351009558
0.01640937719401
0.02133133352237
0.01963429115165
0.01134952083034
0.00217967243077
-0.00227197519224
0.00854894063817
0.01923377631152
0.01484072947634
0.00156243865186
-0.00506687859168
-0.0129331854941
-0.00334558888071
0.01085679528483
0.00073272665176
0.00112564627368
0.00987200038858
0.01577585420651
0.02090175019888
0.02912103794891
0.03535642236334
0.02434292517522
-0.00034513129492
-0.00798651800437
0.01166450139264
0.00908468470655
-0.00717197614115
-0.00729908318903
0.00432224979453
0.0136791349422
0.02448529347192
0.02318485945819
0.00666347949767
0.00732420506222
0.0028033749209
0.00352769590672
0.00285990916734
-0.0160733370289
-0.02722478854181
-0.02435558878978
-0.00492330412406
0.01175116394778
-0.00358826291839
-0.01480878128939
-0.01039125225288
-0.00621622966474
-0.00761881762267
-0.00567221116937
-0.0096933537277
-0.01487411751508
-0.01752974711898
-0.01781312647502
-0.00722705991394
-0.00070451110356
-0.0005875491098
0.00220732230605
0.0114398089795
0.01703642084842
0.02615699681146
0.02616034859761
0.01102303089533
0.00078894129831
-0.00711479750202
-0.01044881327888
-0.0149959856268
-0.02019372078205
-0.02332893905414
-0.0234939673135
-0.01541165431696
-0.01034914484933
-0.0110413689422
-0.01405741469397
-0.01145250918045
-0.00221099746874
0.00377712072495
0.01206004520347
0.02838261821757
0.03742953749988
0.03718750077365
0.04100874941547
0.04511592665914
0.04317957383894
0.03634104494947
0.02563615992998
0.0132232448183
0.0022178426658
-0.0102478512756
-0.01392479490205
-0.00194539910216
-0.0032617777042
-0.01233591844687
-0.01245083514296
-0.01196582932744
-0.00537934531438
0.00716020240221
0.01370332917317
0.00406006104421
-0.00322085522788
-0.00555081514021
-0.00291577187635
0.00140884187158
-0.00058180563541
0.00072489657247
0.00592827346833
0.01224257592357
0.01284981571479
0.01377823687267
0.01579027632858
0.01637192924529
0.01989302779829
0.02449433385286
0.02764788073017
0.03212253883714
0.03669079911282
0.03526565268997
0.02643258680533
0.01805153996764
0.01395575171563
0.00816993033864
-0.00308184697877
-0.01789024116047
-0.02516397115585
-0.01771342263928
-0.01606040196687
-0.01548797826413
-0.01041590558414
-0.00741322803014
-0.00461609640103
-0.0011178613963
0.00195447842991
0.00016383979153
-0.00973906430134
-0.01768896876291
-0.03832742671848
-0.03817027043574
-0.0379985031979
-0.04134764568004
-0.03293121625481
-0.03219232444092
-0.03024293034013
-0.02755110380628
-0.02649401654787
-0.01260081577086
-0.00019981118403
0.0169978635057
0.03623302065869
0.04860130036475
0.04676157104162
0.05030263868672
0.06161581388111
0.05834685462103
0.03395345201855
0.00274815188376
-0.02395179297588
-0.0433293420297
-0.05520453150647
-0.0506848367237
-0.05371599619848
-0.0519916202478
-0.03215644616669
-0.0240259099371
-0.02471714501701
-0.00949683048064
0.00530638849604
0.01165186492284
0.02061271765424
0.02088954686482
0.0100210250493
0.00890777766988
0.01531291825047
0.00948074308736
-0.00246304942639
-0.00744286537297
-0.01308481841094
-0.00884313186493
-0.0004739561332
-0.00253612426538
-0.01148944846022
-0.02537784815764
-0.02466892178396
-0.02235470228424
-0.01912951687912
-0.01173682444016
-0.00384614037478
0.0007463789252
0.00661949320556
0.01136619714661
0.0112359059019
0.0181361017554
0.02881169405232
0.03858721374881
0.03967017113125
0.02886853279201
0.01829473329613
0.00984038147921
0.00107915699985
-0.00433129371609
-0.00691303295839
-0.01194745351397
-0.01982475285869
-0.02714265797921
-0.02923645033168
-0.03237657826235
-0.03431514987055
-0.02581022857028
-0.01397631091092
-0.00733002584013
0.00228167176793
0.01283056654858
0.01722892431252
0.01628009738617
0.01940299430356
0.02083624874429
0.0151316503512
0.00713484212733
0.00431892161251
0.01320545910802
0.01709030907214
0.00957231176045
0.00094301877665
-0.00381626699066
-0.00434738228958
-0.00313849216461
-0.01082344029187
-0.02235757018577
-0.02680791604113
-0.02083441942439
-0.00929083843773
-0.00020168924646
0.00371197097187
-0.01124272985524
-0.01511322732947
-0.01646118825448
-0.01738943238141
-0.00475328123126
-0.00133716321676
0.00225427799744
0.01084425795236
0.01772731366848
0.02317153492806
0.02050078688031
0.01651707102699
0.01020296448601
-0.0077647029344
-0.01325980761222
-0.01591629876679
-0.02548989695221
-0.02921579671987
-0.02532202439545
-0.02500329785807
-0.02428353718974
-0.01693334162242
-0.01075388836896
-0.00577184183231
0.00494747003008
0.01766741819425
0.02755905839734
0.02663027137547
0.01867576292879
0.0195053418016
0.02001625314735
0.03078267412796
0.02696488349085
0.01314725132892
-0.02405968744395
-0.03077995965326
-0.01977285918377
-0.0192661375707
-0.02389142541909
-0.02698375499101
-0.02825270109828
-0.02649428799534
-0.01114064318281
-0.00063293666096
-0.00932026216321
-0.01646407976013
-0.01785850541067
-0.00956980618229
0.01378122279484
0.01674152267803
0.00861480087549
0.01214811220421
0.01484038721648
0.01685234405795
0.01907145072479
0.02194265682769
0.02494001519149
0.02657386931215
0.02035425245507
0.01579592951719
0.01276348361744
0.01243144435199
0.01821698129923
0.01103935669031
0.0036157156992
0.00137083450503
-0.00520872405694
-0.01176494521778
-0.01738004974061
-0.02433454570986
-0.03174409385648
-0.04087959943034
-0.04733420718151
-0.03621521134428
-0.02554187324157
-0.01258913172761
0.00881091341072
0.0283840462673
0.03573674387216
0.03692335878175
0.03835245889599
0.03801540375339
0.02864930945527
0.0089851626226
0.00979490694684
0.00879475048423
0.0004229420661
-0.00244091347536
-0.01218314072983
-0.02069674834913
-0.01458504956425
-0.01135307089116
-0.01367921755665
-0.01541178413967
-0.01038373905901
0.00281384335157
0.01161734034534
0.01812838320562
0.00968874030092
0.00024839024931
-0.00664231131588
-0.01100813196987
-0.00801711957582
-0.01179601061035
-0.02082015072915
-0.02496634559603
-0.02073524668153
-0.01272955268376
-0.00996010279551
-0.00753730902883
-0.01114663627085
-0.00652151129094
0.00497216112794
0.00905251700121
0.01395327328221
0.01255893024612
0.01181478651379
0.01449974424646
0.01530799678983
0.00770953182634
0.00024898825989
-0.00397215455154
0.00099772240496
0.01315799120706
0.01794075399391
0.0199893090355
0.02286964993584
0.0261674770442
0.02611328196682
0.02691876102517
0.02951899174118
0.02515727938562
0.01633019714737
0.01120998266857
0.00276369284149
-0.00305910086104
-0.00298290555637
-0.00611572446887
-0.00884768628139
-0.00999099233732
-0.01172950361993
-0.01008802064517
-0.00743136072109
-0.01036008182194
-0.01261332595858
-0.00866035920252
-0.00232308875074
3.481551017e-05
0.00236538262689
0.00631454085694
0.0129393933797
0.01948254021417
0.02272925258382
0.02620935076687
0.03042102348421
0.02994704079637
0.0249189012992
0.02045591543341
0.01543899969899
0.00795645224661
0.00161428983935
-0.00201415320555
0.00439215813977
0.00712789189191
0.00162296789692
0.00375555127298
0.01369871456619
0.01635721207162
0.01577511067649
0.01078556864906
0.00665178129194
0.00208571147932
-0.00706904562115
-0.01362672197647
-0.00781385380967
-0.00170934602232
0.00059351705945
0.00871427457098
0.0146512473406
0.01650807785431
0.02127844847408
0.02541823482027
0.02292076467455
0.0159581606874
0.0137866281401
0.01853112863583
0.02754884961207
0.03140059478699
0.02199793769494
0.00413162521901
-0.00195841441822
0.00767779961716
0.01104007071517
0.01226446875209
0.01268402032128
0.00892135476418
0.0054706968295
-0.00303047731549
-0.00767213226608
-0.00723175359475
-0.01042810419737
-0.01285304948029
-0.0093751984102
0.00394631865348
0.01155820964485
0.01527840901566
0.02353809523038
0.03065322909122
0.02984075140898
0.01887928952055
0.01351305629915
0.00378608557268
-0.0119515606322
-0.02342212815061
-0.03310948642985
-0.02109945837314
-0.0127024787492
-0.02341109322087
-0.02229575097512
-0.01214531511507
-0.00671995473379
-0.00324270910958
0.00099327526927
0.00551461703005
0.00544214763695
0.00020992567081
-0.00070551746555
0.00347689864353
0.00597879810384
0.00426529893523
0.00131170262433
0.00065345395893
0.00073905421029
0.00415703624277
-0.00050498765384
-0.01116276969219
-0.01318884180206
-0.0166493013508
-0.02244767894356
-0.02030947542467
-0.01993264732677
-0.02409178905773
-0.02062258417965
-0.01673896163017
-0.01342910821871
-0.00520726532185
0.00375878385828
0.01342929705173
0.0136423007008
0.01222835443659
0.00858053830382
0.00141437939996
-0.00537193007764
-0.01223557729969
-0.00973185796113
0.00199820271621
0.00196535875261
-0.00419197035188
-0.00407371013109
-0.00084852000515
0.00168761724249
0.00305533836307
0.00319123322772
0.00293473189199
0.00482533401151
0.00740337094638
0.00791940438785
0.00273375454602
-0.00189172095518
-0.00494159614288
-0.00751391025697
-0.00835384426064
-0.01029722875049
-0.01245589822837
-0.01487695001041
-0.01707021015734
-0.01943032788352
-0.01799861951316
-0.01296630208537
-0.01631810003189
-0.02483961503399
-0.02813388972111
-0.02987646445431
-0.01933631264259
-0.01148795431893
-0.00614997995931
-0.0016810045461
0.00108301698287
0.00560657635146
0.01286111028993
0.01441730683019
0.00439708550144
-0.00045268857803
-0.00725983542556
-0.0132795878713
-0.00801124804904
-0.00688809873802
-0.01129390832509
-0.01680632781085
-0.01976288643979
-0.02416943483606
-0.01776120919597
-0.00390210222112
-0.00304095754822
-0.00798371501419
-0.00595886205752
-0.00353099458357
-0.00338816246577
-0.00572637792179
-0.01298526800204
-0.01779426677692
-0.0229398014036
-0.02957234887202
-0.03360634151751
-0.02320565469476
-0.01384184999703
-0.01159046586566
-0.01012361448966
-0.00637681680746
-0.0034406863709
0.00514001244098
0.01519105013875
0.01606850998477
0.0108236680717
0.01146152005623
0.0150425565709
0.01997511115264
0.02293631979475
0.02575569123305
0.02611891155129
0.02319229475844
0.01883388698077
0.00617492244113
-0.00147844572357
-0.0089726748588
-0.02328416202375
-0.03436120152385
-0.03921186158426
-0.04696725741107
-0.05358318757354
-0.05414452913829
-0.05109079231529
-0.0416316387434
-0.02273053900878
-0.01215637364893
-0.00490032668587
0.00524034768713
0.01252456263607
0.01988836598305
0.02619540072736
0.02304181844385
0.02318871873308
0.02732482283534
0.02443018963562
0.01978759996157
0.01832895928141
0.01317391219124
0.00763841376955
0.00340914653537
-0.00093609733826
0.00010112446197
0.00030243862703
-0.00071284548504
-0.00042601921822
-0.00106000555474
-0.00165088095823
-0.00185791630359
-0.0004474772587
0.00124634279451
0.00308525777524
0.00740077449232
0.01099471066282
0.01366916219821
0.0105707203374
0.00613525452419
0.00391914440137
0.00017841958917
-0.00118108210203
-0.00223993848981
-0.00442349497981
-0.00566127301656
-0.00636422282508
-0.00128380844633
0.00589058711792
0.00974821444148
0.01258615760751
0.01661882842184
0.01858554795242
0.01575882382832
0.00891534633346
0.00491267990615
0.00126389836455
-0.00315484510434
0.00077258694234
0.00283211530688
-0.00047565173572
0.00064056527902
0.00341368206852
0.00427697235663
0.00545516767383
0.00526083370963
0.00417988031763
0.00566441944679
0.00649231888591
0.00554191638404
0.00343930552943
0.00219033559549
0.00247782324997
0.00459521500939
0.00545787860791
0.00676527937995
0.00859517758386
0.01005713464398
0.01113080734276
0.00935380362879
0.00811935377405
0.00752546565772
0.00725578849786
0.00794906887544
0.00802247771283
0.00926658047561
0.01290643021526
0.01550415889373
0.01805976600617
0.01953976842197
0.01645817872819
0.01501132830985
0.01439932048483
0.01627792580641
0.01728784021545
0.013771462488
0.01207830299631
0.01095493298669
0.00987491903898
0.01112208207693
0.0112934114582
0.00877649859242
3.751546833e-05
-0.00481865286314
-0.00165778280519
0.00053849807999
0.00102502966632
0.00060812305767
-0.00570485213747
-0.0094483688459
-0.01078189702698
-0.01077677375105
-0.00307843736252
0.00314192774541
0.00525594529477
0.00469483859109
0.00652084211392
0.01042167443296
0.01271588589378
0.01428893578127
0.01054195162647
0.00675225226183
0.00619440292779
0.0142392490923
0.01852292620143
0.0170380613353
0.02028471469464
0.02164790028206
0.00912817413177
-0.00291251686713
-0.00395940832254
-0.01066822780905
-0.02195517881747
-0.03404408006715
-0.04266519268641
-0.03430073955054
-0.0273548354838
-0.03205282404575
-0.02808486394772
-0.0171799693515
-0.00071072972904
0.00856840932276
0.0141219837855
0.01962949951371
0.02291211376171
0.02660120289211
0.02696851852653
0.01951248205026
0.01435666782593
0.01023486782511
0.00636216100452
0.00265780590448
-0.00125777663401
-0.00469032194124
-0.00802852509036
-0.01151198450121
-0.01493946554283
-0.01833169736023
-0.0217820189361
-0.02558465572317
-0.02949866858716
-0.03112782548639
-0.02502424652147
-0.02123548896153
-0.01806265751182
-0.00856826061675
0.00147621041267
0.00738002292338
0.0096330971103
0.00706013388271
0.0032456690672
0.00113857626081
0.00112726421862
0.00233351823459
0.00017906067728
-0.0028242681146
-0.00375612485329
-0.00082793354709
0.00476957043984
0.00694836007623
0.00539806810853
0.00396307404358
-0.00104521957504
-0.00608217120123
-0.01051519634763
-0.01589398106398
-0.01522934783607
-0.00907065441299
-0.00937684479812
-0.00966080245528
-0.00727979153539
-0.00327620100648
0.00455951730675
0.00894589715604
0.00307960104602
-0.00488296466969
-0.00909555794801
-0.01022704305675
-0.01230950542789
-0.01501136371604
-0.0156205508478
-0.01095999961272
-0.00585592327607
0.00368036858539
0.01263833453196
0.00601610206738
0.00771705210145
0.00960278468941
0.0095872106859
0.01064007870647
0.00605814101895
-0.0020173763492
-0.01047516964795
-0.01107006211993
-0.0035198239301
-0.00379665432089
-0.00788637041103
-0.00794820024354
-0.00631718924007
0.00010115023767
0.00495330024964
0.00925544640854
0.00903382843304
0.00497481895273
0.01021075384817
0.01542024621948
0.0161163791559
0.01902929375258
0.01672829256441
0.01356511520297
0.01185251771205
0.00692769820298
0.00257817147839
-0.00119489523761
-0.00571300972403
-0.01003047850248
-0.00784189433326
-2.338388946e-05
0.00210163364372
0.00604451435598
0.01088921437413
0.00833527843393
0.00724646368718
0.00762690675726
0.00583593648087
0.00455009925976
0.00364401232758
0.00236266697199
0.00300443016049
0.00809407965424
0.00975332591535
0.00520436083392
0.00375960292152
0.00401777070867
0.00479545118574
0.00507648547169
0.00569062829007
0.00667954446704
0.0061459141483
0.00443953516484
0.00405124372228
0.00492079618548
0.00541988068301
0.00571703304761
0.00650976351655
0.00700453081911
0.00493610582276
0.0021104427042
0.00047561550338
-0.00013175045189
0.00140314265493
-0.00036519787207
-0.00435044374496
-0.00603015478485
-0.00780142387598
-0.00480547703902
-0.00236427795371
-0.00110886078831
0.00166137417323
0.00301325338345
0.00425904148096
0.00608888067455
0.00673198811813
0.00192281113209
-0.00245887149578
-0.00540667653393
-0.01013611523573
-0.01142369090085
-0.00835199251681
-0.0081405136944
-0.00572734097021
-0.00175636190423
0.00078018511107
0.00391718997959
0.00706925097706
0.00504272566793
0.00295629898354
-0.00039269833322
-0.00443767161895
-0.00753091585082
-0.00609068402992
-0.00402581263501
-0.0037341812759
-0.00311543093178
-0.00317520366455
-0.00294070373631
-0.00096227124743
0.00406549825504
0.00717315162671
0.00170035757046
-0.00811584384025
-0.0128851746982
-0.0161063119954
-0.01319658395597
-0.0097521905568
-0.00761799737923
-0.00361636717313
0.000176994726
0.00202370815648
0.00398445584273
0.0064676726359
0.00838321251642
0.00881381317782
0.0057014047546
0.00394271430317
0.00232233105823
-0.00133272800115
-0.00542932469454
-0.00819986863411
-0.00523422241597
-0.00028127127139
0.00052388299417
-0.00153437570434
-0.00177424557165
-0.00219979140908
-0.00395365835701
-0.00682759191687
-0.01019095824641
-0.01295288313873
-0.01616304451652
-0.01792981348069
-0.01541651676729
-0.01158268122432
-0.00823768480722
-0.00600720921224
-0.00321975881614
-0.00022646531918
-0.00093282155741
-0.00173967614631
0.00335458677421
0.00370401638081
0.00179941819371
0.002617888964
0.0027285970441
0.00221567698708
0.00072381373311
-0.00023699936932
0.00037688545594
-0.00020420568252
-0.00320583946199
-0.00560543509189
-0.00755189756
-0.01030632460113
-0.01180581694524
-0.01053518668345
-0.01047027769247
-0.01133044161386
-0.01189648040003
-0.01225263128201
-0.01017215637843
-0.00553932819142
-0.00303926749267
-0.0012409280076
-0.0027276552394
-0.00316997535024
-0.00135716771505
-0.00055079984326
-0.00331018032863
-0.00421641832723
-0.0049463464736
-0.00559316212565
-0.00301802259747
-0.00146179183122
-0.00028184131107
0.00165290147156
0.00334855827998
0.00493130238276
0.00580195715873
0.00357339231789
0.00230831374695
0.00336249179661
0.00459235772972
0.00490787056511
0.00403037059208
-9.754981745e-05
-0.0026448047509
-0.00261497503442
-0.00192217854146
-0.00255928109493
-0.00316625297929
-0.00368607724369
-0.00287053928629
-0.00098482239507
-0.00177228996966
-0.00404598708302
-0.0047148088634
-0.00607323231804
-0.00728146624826
-0.00240044773891
0.00198978902486
0.0028250800966
0.00608584282331
0.00566449970082
0.00448111619633
0.00475326588858
0.00311706551762
0.00135319396014
0.00024129661881
-0.00034897227662
0.00020719644353
-0.00087602683942
-0.00236615684228
-0.00056499595581
0.00468353811492
0.00096551197615
-0.00841263742211
-0.01135519880328
-0.01151267610216
-0.00605966702581
-0.00375414446697
-0.0041633409053
-0.00629134862119
-0.00416331612096
0.00453876691802
0.01545246585389
0.01971217297126
0.02214252477965
0.02418136672265
0.02129595093483
0.01787766016036
0.01150534702048
0.00630719407217
0.0010957433844
-0.00265020301493
-0.00610892293945
-0.00951345014701
-0.00786467703739
-0.00724358870441
-0.0098892219602
-0.01048651615218
-0.00696736021889
-0.0066511274576
-0.01001020845775
-0.00719081931635
-0.00041907854247
0.00146812363849
0.00422705080658
0.00830484209137
0.01142293674897
0.01451321040136
0.01365608551142
0.0088292526378
0.00734412812627
0.00445131126419
0.00062432764546
-0.00231615857882
-0.00422862638211
-0.0042516050005
-0.00561769389565
-0.00692976002354
-0.00890347463739
-0.01145963644683
-0.01350341401296
-0.01396135769597
-0.00991816534168
-0.00766071140885
-0.00656678872885
-0.00405640830543
-0.00180786257043
-0.00055964855868
-0.0028712627528
-0.00421758791176
-0.00354910485061
-0.00435313697593
-0.00586728276256
-0.00764624207853
-0.00912229788416
-0.0093775800667
-0.00017447262494
0.00713962314341
0.00883794131723
0.0046433756915
0.00326791123681
0.00206178751562
0.00247950268366
0.00403735977432
0.0009081141727
-0.00248429786222
-0.0040051779065
-0.00702691343327
-0.00492519717511
0.00237816308187
0.00529933440245
0.00670492244502
0.00132613300785
-0.00204817619533
-0.00371915960898
-0.00618605414779
-0.00885081264811
-0.01123376146689
-0.01537900980825
-0.01861916023038
-0.01292315373979
-0.00510395005456
-0.00374065706836
-0.0002293955356
0.00524646351664
0.01097896907001
0.0125700477903
0.00732804899443
0.00624416633017
0.00637907690269
0.00414995264402
0.00178551064163
-0.00143231971727
-0.00437420129956
-0.00642040300961
-0.00270860316767
-0.00012781304734
0.00128510077232
0.00187988584551
-0.00132436741909
-0.00215359813102
-0.00166435301416
-0.00263844225826
-0.00209865008197
-5.23069242e-06
0.00084753406073
0.0021302630903
0.00259067694529
-2.67230238e-05
0.00030902016598
0.00389630150672
0.00678763957019
0.0073948227115
0.0041338581695
0.00363762741102
0.00273171396917
7.587912738e-05
-0.00359921051285
-0.00396303627698
-0.0041161609747
-0.00573945932941
-0.00549123714149
-0.00373196720871
-0.00306810701599
-0.00177653871266
0.00077426885446
0.00186818055855
-0.00020215743433
-0.00041555161369
0.00210375919542
0.0047172660531
0.00712352748868
0.0080223797557
0.00812015513419
0.0071655015289
0.00378781457504
0.00091322529251
6.65091148e-05
-0.00162696879658
-0.00698944896166
-0.00989074442644
-0.01218997412482
-0.01423664083618
-0.0097522826129
-0.00370639449668
-0.00122054702347
-0.00017679066831
-0.00538030246176
-0.00702356754816
0.00151808059473
0.01148921713977
0.02488769664227
0.01582670929981
-0.00466614305295
-0.0157130082163
-0.01303104820787
-0.00681876043246
-0.0024416770689
-0.00437896461255
-0.00245567549688
-0.00043102305727
-0.00076180670114
-0.00205887594645
-0.00393182453882
-0.00085095370875
0.00612343829783
-0.00148283609134
-0.00985737173039
-0.01082111056446
-0.00566734989925
0.00362516443155
0.01043659460213
0.01583630437775
0.00849345913582
0.00437340938108
0.01254781270193
0.01600266627033
0.0103104187371
0.00187760214615
-0.00820280734802
-0.01008016283104
-0.00600360368172
-0.0025030253772
-0.00033089812389
-0.00395177474761
-0.00305639110717
0.00072224264237
-0.00017334824232
-0.00224984278183
-0.00472785486482
-0.00715320613874
-0.00895620743905
-0.00794237828542
-0.00345793508728
-7.560423371e-05
0.00135650089844
0.00104941933947
0.00179963181107
0.00566885348219
0.00970474507976
0.01181431443124
0.01141177435694
0.00580807534865
0.00215923597694
0.00447982032972
0.0055761400089
0.00172371857572
0.00089425961188
0.00212983113476
0.00408561959376
0.00715927712041
0.00931794895869
0.003195237668
0.00291667709465
0.00178064111007
-0.00196452434669
-0.00307054060157
-0.00174949900408
-0.00260850160238
-0.00327787689956
-0.00307298716941
-0.00340013093876
-0.00160660787596
0.00455017597318
0.00926528578921
0.009297353177
0.0076667599666
0.00680989708248
0.00410907383533
-0.00040415648497
-0.00439684591955
-0.00744577576193
-0.00467448947253
-0.00134271608782
0.00013983368545
0.00366810033998
0.00716848509065
0.00780147580506
0.00641493983423
0.004564293602
0.00183985678542
-0.00080185853922
-0.00060033723613
0.00227017419729
0.00387721520899
0.00830278145102
0.01243224689233
0.01236150532138
0.00680903317141
0.00671215238935
0.00732439507545
0.00352333976494
0.00126527094458
0.00029620442282
0.0021218765437
0.00378330264601
0.00228844025157
0.00177613626228
0.00371783187679
0.00485214948087
0.0039420734511
0.0018719029295
0.00070225336874
-0.00290369010354
-0.00665660715587
-0.0090739436482
-0.0116399613612
-0.00949023548734
-0.00659312975524
-0.00457138192157
0.00105806600356
0.0071568187505
0.01198847748805
0.01595013528396
0.01296240740429
0.00785073525932
0.00212470903903
-0.001292355501
-0.00284542213392
-0.00298658425968
-0.00450493276126
-0.01249092675399
-0.0163771221534
-0.01000874736224
-0.0015583456961
0.00051681497415
0.00122011624814
0.00097090740768
-0.00243960108586
-0.00583777760284
-0.00763857427762
-0.00067400135216
0.00087525569256
-0.00788173219992
-0.00986832050506
-0.01093910051798
-0.00482685883817
0.00709993044214
0.01681172135404
0.0148446949698
0.00913198265779
0.00043643359544
-0.00092481857788
-0.00030886048406
-0.00318637195761
-0.00705949421084
-0.01576061774203
-0.02198896812639
-0.0193693820256
-0.0051811922023
0.00018995846704
0.00698412623085
0.01493103886922
0.01621838439409
0.01047943373364
0.0072737158329
0.01110497734573
0.00716097425719
-0.00088012593225
-0.00351730300926
-0.01006542913448
-0.01590283261189
-0.00421912690089
0.00913770075774
0.00729525814012
0.00049738759678
-0.00737214268533
-0.01380712832507
-0.01254508642518
-0.00526405095225
-0.00149394419387
-0.00557874590461
-0.00756535427325
-0.00502684127014
0.00514494452348
0.00776957364617
0.00958308114375
0.02034417349251
0.02298558160942
0.00736201887492
-0.01036828661676
-0.00783622462177
0.00020180832928
0.00265387227659
-0.00449275893236
-0.01293371658697
-0.0189034247412
-0.02129138353611
-0.00292593581377
0.01839548751555
0.00219976072372
-0.01217739312472
-0.02575512473398
-0.01996418244148
-0.00689957270453
0.00785878308669
0.03778532251787
0.03967969539681
0.01159147966295
-0.00256917240468
0.00780556049938
0.01615939767877
-0.0007977354882
-0.01663890373252
-0.01440376986291
-0.02038538629961
-0.02770206400548
-0.02009126706543
0.00353977767952
0.00628567300866
-0.00240969583617
-0.003291592078
-0.0113049751204
-0.01278370055288
-0.00051335177652
0.01129705593553
0.01506738811332
0.00574373993798
0.00992482996716
0.01076190669117
-0.00081600956788
-0.00840472059765
-0.00516558987384
0.00908211893786
0.00784307099903
-0.00407516532557
-0.02912175787481
-0.03336574464307
-0.01118018835828
0.00346599943753
0.01099413118148
0.00727624147458
0.00209004991801
-4.142918614e-05
-0.00585163204564
-0.00188805877476
0.02808264515971
0.04575101932113
0.01496471015749
-0.02815700996427
-0.03630878990886
-0.01223590775748
0.02422588410764
0.02057018301598
-0.01956338435181
-0.0392575709777
-0.0429327690789
-0.00183831071505
0.04259196087998
0.05692229830138
0.00879934030687
-0.04084819413833
-0.03893105507815
-0.01208452268397
0.03877035817624
0.07298799939494
0.02707140891951
-0.02647983046708
-0.03783399422935
-0.04668443275204
-0.0220129853264
0.05963697363091
0.07735292191187
0.02662826502461
-0.01326374950156
-0.04321784793214
-0.06640107870551
-0.02861923779648
0.04956210638595
0.05656783511454
-0.01331085153854
-0.035384806327
-0.05192162220687
-0.04615663265286
0.0003348306896
0.06146211560308
0.06875207343631
0.021507679961
-0.0126203127804
0.02107773077352
0.0764479278508
0.09334344385846
0.1122628721983
0.06836396256532
-0.00019951790274
-0.02062994866751
-0.04814860860016
-0.04534794343313
-0.02423039249604
-0.06489796784862
-0.08648407252415
-0.05190440299566
-0.01862757510193
-0.04775354631354
-0.04742370223198
-0.0324082313977
-0.02135739247944
0.03912583634057
0.05384553565173
0.01809229249425
0.02116107694871
0.00306996584106
-0.03690379095982
-0.04436041753929
-0.02599864852027
-0.00938398386656
0.00370013114137
-0.00672432149743
0.00206706539859
0.03497985391084
0.04919129734062
0.02513358084133
0.00865933006254
0.00150303414348
-0.01389049810438
-0.01101583517698
0.01603462625934
0.0216124586842
0.00307678507357
-0.01195085250837
-0.01777467535087
-0.02404030845505
-0.02516238967929
-0.02483834041109
-0.00174404527036
0.03888021178691
-0.00260076416929
-0.01663427732347
0.0187122313062
0.03820926445483
0.01921073868281
-0.01771028329029
-0.03494888529519
-0.0342900350786
-0.00917992618192
0.0121308575868
-0.01361621813961
-0.01387490757799
0.00471098145408
0.00823874817318
0.01761560713377
0.03348475665533
0.03672295973691
0.02697582400408
0.01739914547999
0.01923003505727
0.02799652549951
0.03531349825698
0.02749414704595
0.0310089550989
0.04351583824327
0.04643268292722
0.04623792526893
0.0297912653551
0.0029813783693
-0.00887518863087
-0.01447799304271
-0.02892927801484
-0.0618074675966
-0.10579624994609
-0.10746287839816
-0.03661615105872
0.01630479910589
0.01620824642121
0.01021847593858
0.01703141677334
0.04681879924941
0.06365856230726
0.07369857805756
0.08995232143506
0.06422648942365
0.00429485484383
-0.04062928945732
-0.07651570710372
-0.08979415017482
-0.09069332581839
-0.08701024393851
-0.08396541767375
-0.05924064852346
-0.02387330925102
0.01676600015854
0.04100222287414
0.06274946112796
0.08317385324872
0.06629941572717
0.03578201658924
0.03629474545283
0.02681643713126
0.00839884080942
-0.0098921394304
-0.03071946227377
-0.02704134906279
-0.01165648425064
-0.00614170081149
-0.00441259223319
-0.00766915224495
-0.01392385073694
-0.00539195227902
0.01249026583841
0.00905314959183
-0.01467861632676
-0.0134383610368
-0.0268483853182
-0.04353362395355
-0.04979507912711
-0.05223011635487
-0.04610458555111
-0.04180988531432
-0.04304329540722
6.26404455e-06
0.0521908862945
0.0470444783151
0.03326496681952
0.06319507165421
0.09775468947616
0.10906385196882
0.05267330745802
0.0031888645535
0.02023502800566
0.0081397017124
-0.01722395564362
-0.01999495042203
-0.01668098989235
-0.00350069986578
-0.00187557219116
-0.02655746444334
-0.0447113283049
-0.06014721225902
-0.07473983874829
-0.08500339739071
-0.05494892240677
-0.03595040843681
-0.01793878304924
0.05677355689018
0.10676652122252
0.13341867362445
0.12409693148242
0.1032008816804
0.08169605781887
0.0773105879087
0.04572275337811
-0.01968925336318
-0.04883200710965
-0.08396146398234
-0.12270582221183
-0.13638583050676
-0.10280181849413
-0.06771591123718
-0.03723264366802
-0.04285784957733
-0.05376934152726
-0.0356407104783
0.00925164496376
0.03593100584378
0.03079459421249
0.04373405840457
0.04939848257219
0.01049269453262
-0.01994499228559
-0.02093009875634
-0.02531781105864
-0.00744859173437
0.00977471125511
0.02157488091278
0.03801652494946
0.03761223344888
0.02910518777711
0.03970531767752
0.04303338167355
0.04125717105827
0.03981086353487
0.02426843054796
6.772031341e-05
-0.00672920991229
-0.01740620311419
-0.04013475937624
-0.04874648935471
-0.03437561184385
-0.02862650786784
-0.0318680509335
-0.03944497595019
-0.04267271060111
-0.0285984779661
-0.0194482788227
-0.02233696378222
-0.01794916886547
-0.00823876469607
0.0110692265338
0.02180287318299
0.02523898507393
0.03785873135526
0.04834678885698
0.05798664382907
0.07017583901768
0.07092478619
0.05847056385471
0.03573886824366
0.01567546585107
0.00987910169042
-0.00638305301802
-0.01660950479137
-0.0187377237642
-0.01667965625913
-0.02450508553306
-0.03483755642653
-0.04178839375597
-0.03734575464833
-0.01553040668381
-0.01046839172266
-0.00957407970962
-0.0049202072625
0.00027947098456
0.01543438509201
0.02457940312937
0.00886511320892
-0.00122966411783
-0.00152242021362
-0.00377307851806
-0.00510294333851
-0.00595375648468
-0.01187491802931
-0.01743477591087
-0.01795299273417
-0.01274037517635
-0.01148168506259
-0.00988928923197
-0.00420175190243
0.00278475598491
0.00719301095962
0.01170992989697
0.01608904557593
0.01517262711702
0.01658881577337
0.01876876319223
0.01607352586192
0.00908250132473
0.0015164684328
-0.00537698254119
-0.00486325404279
-0.0060230511226
-0.00648027724013
-0.00650800264862
-0.00897135184743
-0.01017798659799
-0.01182910241729
-0.01440251884414
-0.01624504525642
-0.01367585396844
-0.01094033265345
-0.01202446198084
-0.01221364906498
-0.00654535736103
0.00517779438811
0.01576832448975
0.02193017024409
0.02711168936357
0.03324348706325
0.03825445455746
0.04116513856406
0.03856984111076
0.02393000636594
0.0129105019273
0.01634293157431
0.01579610654815
0.01205374290135
0.00335537987291
-0.00665517792593
-0.01126220090024
-0.0077075490796
-0.0050391165968
-0.00999655110941
-0.01515624585234
-0.01561581822018
-0.00608745734565
0.00360735157652
-0.00138480696847
-0.00277360067412
0.00073325054538
0.00138844672497
0.00155775677311
0.00265246074975
0.00131650134351
-0.00010369571862
-0.00072960229139
-0.00106414878729
0.00054417605293
0.00203803704225
0.00133066027955
-0.00017280652759
-4.085662081e-05
-0.0006374555532
0.00076819940707
0.00569589673139
0.00987608862351
0.01153958362762
0.00862238016092
0.00797323832208
0.00675829963937
0.00086102440986
-0.00550959997269
-0.00850702206765
-0.00647986888872
-0.00834026126531
-0.01229704244842
-0.01268353643666
-0.01348923973423
-0.01781584094971
-0.02085054104366
-0.01371418707195
-0.00807921495477
-0.00259857960727
0.00307099262061
0.00813789245601
0.01195550252154
0.00902363263005
0.00645632849209
0.01065516174412
0.0163337849748
0.0189562743833
0.0140591023891
0.00782932749563
0.00451630286961
-0.000809056736
-0.00251175418365
-0.00103982992652
-0.00235151284141
-0.00350127108567
-0.0069757125395
-0.01307726509005
-0.01076979401046
-0.00458694530323
-0.00204957237949
-0.00247577559189
-0.00445074240471
-0.00292964874307
0.00132585093852
0.00096594251544
-0.00190839963187
-0.00142324629056
-0.00254446832454
-0.00556387294369
-0.0077371049882
-0.00937072070716
-0.00730313247715
-0.00452503403648
-0.00342119998322
-0.00293282467846
-0.00261652582562
-0.00142240126278
-0.00097383479161
-0.00227945416013
-0.00549130441325
-0.00673843086481
-0.00733266478162
-0.00902328092854
-0.01025805888065
-0.0096041501882
-0.0072013384959
-0.00607372092349
-0.00318209016883
0.00506492889073
0.0113739900494
0.01506299774556
0.01912119642408
0.01948551433427
0.01919121806914
0.02012348669985
0.01824283962121
0.01479861971238
0.00855624611571
0.00324601604788
0.00159435261282
-0.00181351221841
-0.00175261002812
0.00163950966967
0.00227783727737
0.00225401363121
-0.00031688317303
-0.00451177795832
-0.00431600532253
4.382001284e-05
0.00088939244073
-0.00042720036877
-0.00518491575346
-0.0094567553925
-0.01050695024559
-0.0108462772855
-0.01285067726545
-0.01416559241157
-0.01868270254235
-0.02293986041392
-0.02549778073088
-0.02100979809378
-0.01515862986925
-0.01277569875357
-0.01201407616462
-0.01022838967224
-0.00844263826851
-0.00560481430333
0.00081519085871
0.00462359307201
0.00818551614422
0.01140366751925
0.01156420627351
0.01313286461304
0.01372800728876
0.0081170157852
0.00035200705932
-0.00907613883208
-0.00823899365611
-0.00084140135428
-0.00022054032905
-0.00400466687714
-0.00565966675566
-0.00989386017131
-0.01608118540138
-0.01342352584249
-0.00313987300609
-0.00338368358253
-0.00385420944586
-0.00436598470268
-0.00529930253688
-0.00539353375559
-0.0002070241334
0.00355892180736
0.00560284217845
0.00256491658044
0.00044546878347
0.00153098379118
0.00263726559249
0.0024826679972
0.00340282771036
0.00436935301172
0.00487822142021
0.00562051812954
0.00640097681245
0.00752034002137
0.00722198856709
0.00110245864073
-0.00324153244381
-0.00687343585384
-0.01137486930316
-0.01213201418906
-0.01178733255277
-0.01036988697662
-0.00818074102917
-0.00292844375235
0.00312341974882
0.00764691597637
0.01116505221134
0.01416606449413
0.01449160082238
0.00913044720928
0.00724320395713
0.00503874011096
0.0034945344676
0.003756552088
0.00272037100557
0.00052012557109
-0.00368475305213
-0.01172702636672
-0.01458775223688
-0.00780746653269
-0.00677101164238
-0.00877510358847
-0.00689663045
-0.00590605490285
-0.00465010758875
-0.00175972785286
0.00013218500389
0.00056010057773
-0.00292560181536
-0.00499846438773
-0.00452014090079
-0.00236556083805
-0.00175576944063
-0.0017581298534
-0.00198930041942
-0.00043037488792
0.0024929759198
0.00416726509154
0.00620998519274
0.0056708503914
0.00300384477812
0.00221393972327
0.00049618355022
-0.00167165141047
-0.00114644044806
0.00192926922145
0.00215237779761
0.00161588311797
0.0056090394422
0.00999162020712
0.01199305668884
0.01030434421481
0.00902869099463
0.00976079072076
0.00804123355276
0.00385203904631
0.00079958321932
-0.00185832819562
-0.00504228781136
-0.00812869864824
-0.00953902994028
-0.0091293980058
-0.00998248186905
-0.01042891263875
-0.01007012281529
-0.00586835557017
0.00020280241712
0.00480751525545
0.00891706353375
0.0114624559599
0.01221449881358
0.01087412543545
0.00887012436525
0.00633916822365
0.00154209897495
-0.00337238428656
-0.00599664990568
0.00113417538921
0.00217679390739
0.00027026242421
-0.00030473105992
-0.00233069518091
-0.00622054922013
-0.01102626466083
-0.00961244585891
-0.00993429640261
-0.01569313354071
-0.01651997433471
-0.01198429955743
0.00061077226696
0.01180704435988
0.00671790825591
0.00654194892498
0.00825908903029
0.00457963274444
0.00111017223365
-0.0035694221036
-0.00855584956637
-0.01261674855711
-0.01047535730077
-0.00062881762264
0.0094153395899
0.00859001890174
0.00141533064631
0.00533622529375
0.00869810928407
0.00576603639708
-0.00030742547111
-0.00431728938708
0.0008578937944
0.01223744202578
0.00952279974202
0.0051727678891
0.00137437984502
-0.00320805588959
-0.00387938442834
4.207431056e-05
-0.00190499237603
-0.00485375928239
-0.00496533009336
-0.0036008073321
5.612823184e-05
0.00226456585653
0.00294972995478
0.00162760846844
0.0022754957479
0.00475500079197
0.00542085671369
0.0039098030678
0.00494608564798
0.00867869842959
0.0108518573013
0.012408170682
0.01055355423548
0.00920390797575
0.00864430485501
0.0051896153353
-0.00197696844286
-0.00552787664883
-0.00613509283592
-0.00942518959242
-0.0119686854269
-0.01311506710069
-0.01034685052811
-0.00693604226215
-0.00523226563378
-0.00352355102188
-0.00192687930351
-0.00026422696676
0.00116150058971
0.00085812181027
-0.00226077621381
-0.00390120172364
-0.00538850253575
-0.00531089216362
-0.00530369998588
-0.00611448407196
-0.00765496616415
-0.0088819937009
-0.00747398269462
-0.00404140906244
-0.00276524009206
-0.00090030958587
0.00086690160164
0.00139989236653
0.00256891629989
0.00359520253196
0.00377196676365
0.00015385795995
-0.00263160296224
-0.00466003076406
-0.00676302990657
-0.00427723318224
-0.00284535250174
-0.0023231926089
-0.00194988624685
-0.00214554912345
-0.00198803169755
-0.00224695481679
-0.00268292069644
-0.00289778671119
-0.00320167923447
-0.00353179476351
-0.0022696218607
0.00198996369541
0.00777073850987
0.01248510833649
0.00960740755784
0.00483309858934
0.00627115883049
0.00667233222579
0.00500565420505
0.00520311571618
0.00532340943258
0.00288871564488
-0.00108020620333
-0.00246959367082
-0.00348442718009
-0.00542868030185
-0.00509503359529
-0.00466892834003
-0.00293080180471
0.00113971091124
0.00317063626582
0.00579745231095
0.0068732623635
0.00234553273563
-9.502720891e-05
-0.00181986408919
-0.00136464550273
4.197557449e-05
-0.00122644923562
-0.00199451457124
-0.00191627750952
-0.00255182101035
-0.00206982590133
-0.00133677610906
-0.00209428685895
-0.00279992753804
-0.00162995117813
0.00410259922308
0.00767082223699
0.00485210463303
0.00293899125684
0.00301095552161
0.00036424721582
-0.00293505762895
-0.00515907277416
-0.0075746177132
-0.00542770545137
-0.00053088858128
-0.00169776937785
-0.0022960018339
-0.00023553662153
0.00425649577578
0.00858967192106
0.01230857306484
0.01030336700392
0.00567177095239
0.00359209268812
-0.00029069297701
-0.00039087963518
0.00386630184052
0.00322277896429
0.00078405075908
0.00061038716561
-3.180114503e-05
0.00267294913266
0.00702970462138
0.00489826014449
0.00067909146429
-0.00111827293426
-0.00414189183439
-0.00510450829218
-0.00458540159327
-0.00670473951303
-0.00742063972626
-0.00733754847565
-0.00453839161239
-0.00222426416876
-0.00153792222454
-0.00350030449664
-0.00415726874343
-0.00156847776795
0.00173734877931
0.00528433988028
0.00377125982002
0.00066591375184
0.00253731627383
0.00431463982374
0.00495285531183
0.00374059569762
0.00015689876171
-0.00277411760452
-0.0035682395368
-0.00249053643319
-0.00302052463501
-0.00375138986526
-0.00401367775292
-0.00421475305601
-0.00240387387806
7.040580223e-05
0.00090563503116
-2.898087664e-05
-0.00224479975993
-0.00322700646358
-0.00411011477737
-0.00353571776954
-0.00436845133404
-0.00528921649308
-0.00519722294568
-0.00420565956579
-0.00355083621338
-0.00310004104046
-0.00274469859986
-0.0017075497482
-0.00078818632028
-0.00017984881911
-5.842247044e-05
0.00225685438798
0.00495740146684
0.00606650632183
0.00401985849378
0.00160936011726
0.000445260241
-0.00033382090502
0.00067331954693
0.00078605451348
0.00082147958845
-0.00040008878563
-0.00142104638585
-0.00051868748961
0.00079635842338
0.00099324564608
-0.00080949636288
-0.00329040833099
-0.00376053646477
-0.00165787604149
-0.00076220832537
-0.00030471489109
0.00092296057897
0.00191672952856
0.00266270258079
0.00346792553436
0.00423109065305
0.0041536431494
0.0028041880831
0.00217195034037
0.00145755607049
0.0003189250481
-0.00045232330415
2.39936785e-05
0.00034239958922
-0.0004384628423
-0.00057168571969
-4.327509974e-05
0.00047914030778
0.00022438272699
-0.00027500366734
-0.00019655829918
0.00058286782116
0.00119160718261
0.00119202851629
0.00094031858245
0.00122798350393
0.00188648555964
0.00220642062837
0.00251143788834
0.00223447295403
0.00128067971919
0.00024889655785
-0.00060478850254
-0.00102941861784
-0.00020174129356
0.00045556462298
0.0009514931306
0.00140608845007
0.00302136140134
0.00412555541755
0.00373038337174
0.00239702514038
0.00125686315426
0.00011351923731
8.067107217e-05
0.00180356779938
0.00316585170912
0.00359686544276
0.00265645456817
0.00168617148967
0.00017551639947
-0.00118378831528
-0.0012569434083
-0.00209987395599
-0.00339396081976
-0.00375134737783
-0.00285077909072
-0.00132064504814
0.00050313284148
0.00275204302422
0.00282089980557
0.00245177491476
0.00296708370952
0.00302236693719
0.00282400610879
0.00271586497758
0.0025376797774
0.00226141706588
0.00157451098301
0.00100658386661
0.00066447508025
0.00076658854337
0.00103229631508
0.00056257712282
0.00013562577759
7.753604274e-05
0.00031556334822
0.00035776351599
0.00010285093868
0.000131081983
0.00041395207998
0.00056631991134
0.00059681443808
0.00060682730908
0.00050670851278
0.00043805154037
0.00046861923991
0.00053000260034
0.0004584650982
0.00047003572362
0.00056307847449
0.00059070970251
0.00058126498286
0.00053758271191
0.00051281372043
0.00046925702344
0.00040777676807
0.00037151126813
0.00042484939765
0.00044665748734
0.00040918097763
0.00033642361416
0.00030478098265
0.00032755212076
0.00033969219576
0.00033120946234
0.00030882708421
0.00028309811285
0.00026801542927
0.00026352379979
0.00025125720667
0.00021439487636
0.00014406885608
8.959042295e-05
0.00012000338562
0.00012905179196
0.00011848233563
0.0001290880243
0.00013305186548
0.00013036713199
0.00012427160203
0.00012321059648
0.00012404618261
0.00011684265129
9.920834969e-05
7.868890374e-05
6.257990088e-05
4.621623308e-05
3.852636231e-05
3.336844732e-05
2.391054476e-05
1.695791352e-05
8.21266915e-06
-9.12860727e-06
-2.747007084e-05
-4.275707175e-05
-5.679002077e-05
-6.399264333e-05
-7.068559376e-05
-8.169066428e-05
-9.252820449e-05
-0.00010129462412
-0.00010868939609
-0.00011598532576
-0.00012425625934
-0.00013334833332
-0.00014348618818
-0.00015244902956
-0.00016062904004
-0.00016799258375
-0.00017639105043
-0.0001847465576
-0.00019262136671
-0.00020076927558
-0.00020885274518
-0.00021669509861
-0.00022445684395
-0.00023200591609
-0.00023945419861
-0.00024681172326
-0.00025404013333
-0.00026124175272
-0.00026839297729
-0.0002752670894
-0.00028188627693
-0.00028839074841
-0.00029484270069
-0.00030112611951
-0.0003072275505
-0.00031318487829
-0.00031898311425
-0.00032463559473
-0.00033013913316
-0.00033548747446
-0.00034067861226
-0.00034571360876
-0.00035059435228
-0.00035531848241
-0.0003598828126
-0.00036428781492
-0.00036853396147
-0.00037262042609
-0.00037654638264
-0.00038031147707
-0.00038391500123
-0.0003873567191
-0.00039063627662
-0.00039375308367
-0.00039670690422
-0.00039949726619
-0.00040212405155
-0.0004045866702
