0.00138896365537
0.00138955257836
0.00138982756645
0.0013901332399
0.00139075638888
0.00139160849789
0.00139666686247
0.00140841817749
0.00140359821459
0.00132481825793
0.00121093424243
0.00122477924358
0.0013886367382
0.00185877195322
0.00261675714607
0.00257514070839
0.001650284954
0.00082266321744
0.00098483549536
0.0011337459121
-0.00046631630318
-0.00082543268975
0.00110509545785
0.00449185607447
0.00677658103633
0.00594994323784
0.00240782992987
-0.00310962313614
-0.00895761896589
-0.01086987315183
-0.00625854124399
-0.00016573579309
0.00307589165734
0.0093962745359
0.00704154327167
-0.00018505518157
0.00361892468037
0.00162266458388
0.00198759974201
0.0088065136013
0.02017221742165
0.03281602811125
0.00728340060653
-0.01087444527138
-0.01688940253856
-0.03650066786357
-0.04835464903153
-0.02545829102511
0.00773690317291
0.03430051531133
0.04101120424476
0.02906199222327
0.02156700893617
0.00705137439089
-0.03652197058889
-0.04725044793409
-0.00888978660369
0.00136097152024
0.01427669704102
0.03508394811434
0.04926434031403
0.05304464759622
0.03809022883845
0.04702983195381
0.03100043400877
-0.03438296452966
-0.09501145315201
-0.12531419635192
-0.11815907709863
-0.06616314909751
0.00627769599368
0.09545473867168
0.13351545054833
0.12316787301308
0.09497438286933
0.07151315448106
0.04820514048619
0.01438233731489
-0.04547954824755
-0.0884667838513
-0.13454624280839
-0.14496109210781
-0.07779230094839
-0.02251622533063
0.03421019411639
0.08982636980924
0.10775208797376
0.11562558705391
0.10671410825679
0.06650721466606
0.00381720761515
-0.05024860883824
-0.07302176509972
-0.08816592563864
-0.08931555288
-0.03295489119497
0.01297466974867
0.04696449572812
0.06542881288027
0.09604333120194
0.11941611492344
0.11192801223958
0.06987695174969
0.02697617806599
-0.03655232549721
-0.14129100430027
-0.14719758321476
-0.15735916022312
-0.15274301897425
-0.05968564534239
0.02005706468428
0.10799779514186
0.19173680202196
0.21297792056797
0.12171444884516
0.07299076107789
-0.01928399409337
-0.18324993787944
-0.19146547257316
-0.1784502745371
-0.1760825444797
-0.10863088145299
0.00168640989136
0.0821366760721
0.12299839537564
0.13607685247415
0.09327902819375
0.07717145337752
0.05227350074172
0.03104731180654
0.04728813192408
0.02335538747932
0.00722676014152
0.01806083999398
-0.01846967528916
-0.05279332264571
-0.06902636520315
-0.05843832061616
-0.00857616799956
0.01559678149113
0.04693612356653
0.06504650862472
0.03756637062861
0.02365093476323
-0.00643526534866
-0.04564301863448
-0.0748777222607
-0.10051726938302
-0.10695009052425
-0.07484441683641
-0.04185317528466
0.01871943056518
0.06285714315888
0.07478969066616
0.08637910496793
0.07928673728833
0.07363129449133
0.07513302450675
0.08058623893901
0.06066259658699
0.03673766510852
0.01912273069239
-0.02316926893179
-0.08063724745914
-0.10556327720492
-0.09771023110149
-0.06862408005343
-0.02877519026871
0.00308961155661
0.01085887126787
-0.00710450610231
-0.04694217802531
-0.0619799665624
-0.07351579949411
-0.07648761819166
-0.02317984358104
0.02933876242353
0.05767963674113
-0.04640123042696
-0.12059431496147
-0.19907025046062
-0.22178273231166
-0.18832730378509
-0.15136040718966
-0.06482930344091
0.08273467484728
0.09378752011641
0.11091687041589
0.14250685292211
0.13039262444333
0.09058307093754
0.07970960523747
0.10360674285548
0.11408429652034
0.15558590012381
0.21085661760457
0.25816896736376
0.28140416262443
0.27183304287243
0.21480901078033
0.07422679122897
-0.02609738458676
-0.09117868569583
-0.19298805683547
-0.22006753836668
-0.17750811577684
-0.16574358245109
-0.14640802514059
-0.1182916142761
-0.11340022529321
-0.1163986340407
-0.13845626657479
-0.14959918519552
-0.1275844413616
-0.09456716445691
-0.08432420041597
-0.10296351857147
-0.06471215615475
-0.01125619128931
-7.39741799e-06
0.03107496404223
0.05877073754766
0.06218192347967
0.04428280716715
0.01580989135877
-0.05698998313778
-0.11173563859819
-0.10182865571204
-0.03283684695195
0.01497570968104
0.00636517289123
-0.08106809360346
-0.1357501713457
-0.15217911636164
-0.15947267382435
-0.14209130225258
-0.12917524155318
-0.14826980071907
-0.18170398553063
-0.23472050880861
-0.26379807975622
-0.20811240170912
-0.18890772928715
-0.22002882759712
-0.24482047904347
-0.25636325158875
-0.26947770498212
-0.24939873566726
-0.21675587923945
-0.1787561840331
-0.13958973679068
-0.09677846995952
-0.04797769111092
0.00807297992442
0.06661251268008
0.13367985329831
0.20373230173803
0.25281885576163
0.28909568568148
0.27124872268929
0.24254055634141
0.2472080365682
0.29025098971557
0.32657467382905
0.36176701209815
0.40369821082718
0.36701397366188
0.32935464997809
0.30254059686374
0.33687964591366
0.41011145234442
0.36942631552078
0.24486048804005
0.1778548604139
0.21248400419422
0.17629380142331
0.03748923233903
0.02778153910371
0.04153479100713
0.06935076853327
0.06472804173274
0.08297284049656
0.07837324574126
0.09044535265402
0.16933117383204
0.19522808856159
0.08948976314507
-0.05333084764553
-0.0135673930013
0.24319533484597
0.17357850058439
0.02351187104442
0.15765846056334
0.30827651793439
0.24522717816508
0.12682061178671
0.08920768201606
0.04652604905465
0.12571263402881
0.17863379663057
0.19350097453208
0.15571961750767
0.13895242534068
0.15645524014987
0.18715087405665
0.20376664574394
0.20422527394667
0.22002127427624
0.29102567718923
0.31564336621386
0.24291798634458
0.17988752987749
0.15012673745135
0.09841959415153
0.04771287640138
0.01644106573555
-0.04093682763813
-0.10580225719661
-0.15963365397579
-0.30525070479455
-0.47503649412759
-0.63417623172964
-0.58572226833048
-0.45294114219731
-0.41777028368449
-0.37555736969044
-0.42403588138248
-0.44639418329621
-0.45642440333349
-0.449379161295
-0.40853540473269
-0.41348861292623
-0.45774127762221
-0.56382979387845
-0.62424621121478
-0.4459407480016
-0.34994394053551
-0.29809971626361
-0.14233230039719
-0.07249844978482
-0.06955759970292
0.02603587222977
0.1087033697294
0.13433451378223
0.15239662839911
0.10626433160199
0.14266629880525
0.19715843413126
0.22369643697125
0.16742053770907
0.00367939609533
-0.11756557490978
-0.23059379914921
-0.36674618483225
-0.51832138958468
-0.58439925696853
-0.50065901087172
-0.4648599284981
-0.48796766146877
-0.45109966616872
-0.30853698948442
-0.22658286773656
-0.06698682693838
0.08822606895622
0.0975943348341
0.16595365918831
0.15303382182847
0.11173673619013
0.16113452244055
0.22476228136105
0.18032338009691
0.07405048019654
0.02953413378915
-0.015585121052
-0.0508142581563
-0.02928453193996
-0.01087090583242
-0.00419830806019
0.05519002676995
0.10869982911023
0.13190588507516
0.09686450700527
0.10716967972497
0.13995855128721
0.12466732523017
0.11435425692973
0.11464973340126
0.11438314838213
0.11899643353155
0.11608662287767
0.10625663665633
0.11865016097704
0.13934543406818
0.14706339374834
0.16434173330236
0.1700942952831
0.1423714832493
0.14161980980022
0.18292207654461
0.20676212757959
0.24077213508829
0.28210520521943
0.31018585583034
0.30032180885262
0.25282676314444
0.19016358690557
0.09920949448555
0.02404593803952
-0.05222714223477
-0.11577160218834
-0.14339543031231
-0.19684190277776
-0.23548787900267
-0.23532111583992
-0.25375641171697
-0.28311369157874
-0.30555177544436
-0.31455509790266
-0.24828096219634
-0.19406051038105
-0.05651162188423
0.06371723036685
0.05716602272275
0.10075746498729
0.12293301194169
0.08264722155387
0.04081772120937
0.00039103884502
-0.02375995042737
0.0054608692509
0.07937604350577
0.11886141792066
0.18849642736062
0.27237086292385
0.31840681947345
0.2341332381095
0.25931955057229
0.3493130022
0.33191923846115
0.26270214010349
0.20372699080928
0.14322642475742
0.09767372731788
0.02425445690431
-0.08181813836773
-0.06005840172826
-0.02056380990148
-0.04910916677802
-0.08727313491164
-0.07812873058161
-0.01370299871538
0.01744466604041
0.00738679848826
-0.01752766995574
-0.02056130786394
-0.06097702717312
-0.12827238366568
-0.36845288129122
-0.24098433619702
-0.01540517498389
0.00549154517536
0.0308215855326
0.03900549069509
-0.00655160301324
-0.10909044201876
-0.15897710516165
-0.16771240274904
-0.14603000503423
-0.07223099141297
0.04697471631545
0.14139828506102
0.16329866689586
0.13209058737503
0.12312408735606
0.13991205115549
0.11570484971499
0.06214060445399
-0.10131418014299
-0.08995153069678
0.05813680148793
0.0320827776839
-0.05570931758107
-0.0662354131347
0.08626641886191
0.17501504780095
0.28316951534094
0.2904896274474
0.11931107655482
0.07435994211377
-0.00463295328888
-0.0697657290996
-0.04529296941953
-0.00413280778581
-0.00415329616872
-0.04478221150061
-0.08075147963552
-0.16787338290048
-0.23232232942638
-0.25769523251925
-0.25617961147464
-0.46235789095364
-0.68841497674395
-0.80184307851207
-0.41658712677963
-0.21846835870973
0.12254566820486
0.55213560085347
0.75939553948789
0.57111343760749
0.45829939722352
0.51270230894653
0.43677290477269
0.33780953052747
0.14778898463623
-0.01170012946311
-0.02843385097691
0.005499199994
-0.01842159368087
-0.27963361699981
-0.42746461698349
-0.46530864296715
-0.13700732719115
0.12200595982322
0.33952165593584
0.11225579095996
-0.02017369267963
-0.02319929338232
-0.14663934559281
-0.15509481624539
-0.08872755045293
-0.10947908398262
-0.13856154098468
-0.19101475175324
-0.21585892238389
-0.11518965422005
-0.05992055362204
-0.05555695293626
-0.06624774629146
-0.07687843173528
-0.04528824859398
-0.03551575022584
-0.03439061226706
-0.0148459695927
0.02208749175573
0.06698067806309
0.09901459520249
0.11980463886666
0.14237726626061
0.19629180857989
0.2124007996438
0.0269952620033
-0.09675217496118
-0.15670166724387
-0.20189672674138
-0.18092587545844
-0.17924183896213
-0.09782710694018
-0.0140667501265
0.07371891301364
0.14625566049579
0.08057175780662
0.03524756012603
0.02487584737013
0.08329993469724
0.12757653397879
0.14656912331268
0.19988494693088
0.24182771168252
0.26089607026657
0.26552672805403
0.2491842921664
0.24148061298354
0.23450405895689
0.21173079647682
0.17739871064459
0.13942320966921
0.10472842280955
0.20663195081489
0.27353914922821
0.29540377080947
0.37001276007542
0.44186089253584
0.50098769835103
0.57097499939808
0.54954315949963
0.44325695867326
0.3409384937057
0.13825657565379
0.00915794837855
-0.05591912287082
-0.07907171548633
-0.25110661233263
-0.46013119555972
-0.58078876958363
-0.76257536956149
-0.83616938133299
-0.69724445480117
-0.67751057783442
-0.58707466683151
-0.43021532401408
-0.34694255766791
-0.28629057113636
-0.20214846476413
-0.16654824716704
-0.38773037244739
-0.5522261226835
-0.73759984195975
-0.62993220955518
-0.36516423618857
-0.33549349350991
-0.19869836742748
-0.01188037058282
0.10159406608812
0.14587705028623
0.17608089219076
0.28913227207953
0.5478948832569
0.84155655141573
0.79181297649543
0.58948311400932
0.6633052596758
0.68789061104537
0.49743161848066
0.34445314833182
0.32922506331659
0.34614509221094
0.14657644059229
-0.19413793192017
-0.36398343969649
-0.01816003634097
0.1583217365539
0.13837329806565
0.17228168980427
-0.03144768502191
-0.21993169661132
-0.45613714109843
-0.56083655443494
-0.49208634572472
-0.40138453422239
-0.29048891932357
-0.05745287188557
0.08298424129028
0.16250285372783
0.26173578711227
0.22992131754882
0.10180005931123
0.09077040509765
0.12843548818863
0.17726050847645
0.14179518846961
-0.01208845277125
-0.08174508359226
-0.12130503524886
-0.26862488784551
-0.41910840168822
-0.40831777467458
-0.14685555940326
0.07020360927401
0.09427867480721
0.11698606996871
0.08310982705212
0.06565214333524
0.0897898778277
0.1127286642538
0.12152856633891
0.14005863278899
0.09686969991338
0.05397564160404
0.05563471673522
0.07017114179625
0.0182860823833
-0.04813635805784
-0.1027879038608
-0.15922766297802
-0.23325067977188
-0.3373647107395
-0.47300394268464
-0.52943975991252
-0.16476176875617
0.07912652427103
0.24794483941678
0.37539190475471
0.18112415013177
0.27269199708227
0.44053906138028
0.45690167879716
0.35632472637705
0.11697296967779
-0.0396541085223
-0.18887279517804
-0.11813122422785
-0.13554115679423
-0.27888595625245
-0.46621126481338
-0.57220512851722
-0.29438808519119
-0.14654304075148
0.13831653013835
0.18595851154195
-0.16026895907494
0.01963889395657
0.20606922840867
0.11805392070938
0.12757145909132
0.13701971935823
0.14582594734959
0.1794396415529
0.13708345050323
0.08983188137308
0.11693442413713
0.09206365165447
0.03244164304057
0.00521968581388
-0.02789601912343
-0.00980835539864
0.05364885425702
0.09991246081697
0.11033936002362
-0.02991864503065
-0.10286802807254
-0.10946385932021
-0.16920170519118
-0.17695719543451
-0.11045509106211
-0.18448160126689
-0.31204550703732
-0.18293765526894
-0.0394338938122
-0.09225661539906
-0.19511337250059
-0.02237182707894
0.16677236836029
0.27513325399769
0.33746018943636
0.164201642804
0.15336935450483
0.18084420517632
0.06863223527958
0.04141754930446
0.06882070243782
-0.00523183957928
-0.02029494708403
0.05878747287425
0.12986861280666
0.18775856232629
0.10152441030704
-0.10165088122368
-0.13818363889896
-0.17321723940875
-0.32251995675938
-0.39495654012529
-0.377172364113
-0.3778048367168
-0.36791635946683
-0.37598484044449
-0.27744256383884
-0.19378988905608
-0.23021825747626
-0.32732823560836
-0.3914034107709
-0.2309667443681
-0.12169462137783
-0.05711305506001
0.07131921116517
0.08281723028419
0.09355284787804
0.16764654723254
0.26845092542378
0.3451613901858
0.20785830327359
0.13480954685375
0.08654120631544
0.06000237733098
0.26791558380578
0.3593095863552
0.20380523849286
0.10413817799033
0.08611249634468
0.09802604252909
0.104862435245
0.14553172189684
0.12667367609129
-0.0539074138727
-0.0202518459467
0.27708932806664
0.36853042085097
0.35575881741358
0.3754680280668
0.28950958406206
0.19218964721338
0.13093374907263
0.03846027074962
-0.02995182063224
-0.02382418906111
0.02478145446315
0.03875402411981
-0.13613326633954
-0.22470681166078
-0.23467507086264
-0.1164637696313
0.0485441547714
0.05207216933384
-0.17117654454171
-0.34955529857164
-0.98530545354151
-1.41405248278717
-0.88333314310781
-0.72099528223315
-0.71107670972026
-0.40745150318513
-0.38830619514453
-0.32912061505117
-0.02376994677548
0.14673517835159
0.2734829714041
0.47456264126245
0.74295915917171
1.06778582931818
0.83599860546852
0.69284972027085
0.65717219915528
0.54966330451002
0.55319660639708
0.54311787987722
0.56655819500829
0.62248876588108
0.67989058203826
0.8040834643001
0.82204077658965
0.62289416677566
0.38343548337757
0.32044479986579
0.32802160686183
0.22899072481118
0.03541105411708
-0.20407137503355
-0.35534975787919
-0.30483893078547
-0.14561799498387
-0.10260585702531
-0.00851386844491
-0.2227658442336
-0.52591353926379
-0.76609863969425
-0.59478979401634
-0.26639394370858
-0.20405862880455
-0.02511947737499
-0.18490848191775
-0.62466058167792
-0.87280062723142
-1.17655695469636
-1.46147199528647
-1.00992349662805
-0.74109891786154
-0.63230525054133
-0.24365101253272
0.1573141943597
0.07306067650436
-0.16327400058233
-0.03061416425975
0.00465199237835
-0.00520611698103
0.03157508830159
0.05127964894164
0.09117456677553
0.1247918370042
0.22435900483797
0.35940282265992
0.5726997530148
0.71006196826709
0.60116774736255
0.48696696447163
0.44210672952664
0.26448165529666
0.14068178176233
0.03496265830375
-0.17047786235949
-0.37291583175082
-0.51917090214341
-0.4433159689927
-0.16939396081193
-0.04931752041391
0.18341870739305
0.24236399746563
0.17528437089889
0.11009726428706
0.01995236857552
-0.06837148048002
-0.12001530570708
-0.19899046850873
-0.30362272810171
-0.35795624368905
-0.4127804890929
-0.54299147977297
-0.46656733308091
-0.08884101549516
0.12271538188358
0.40925674687758
0.52182317996117
0.20202725756799
0.13647470004784
0.11279684477689
0.13111018992777
0.24031492313324
0.30364467994055
0.34647507791727
0.38263471334271
0.36793748516119
0.33279506962235
0.32951126336589
0.33509989467922
0.35359726941232
0.36518913854338
0.36328617376193
0.34978189819831
0.27425163982519
0.11806029382388
-0.02288706978214
-0.18247631259152
-0.40316770805537
-0.66270500670641
-0.50172426515833
-0.39319944885351
-0.41089699771687
-0.2880651294627
-0.09433399108066
0.06183006854895
-0.03860658093565
-0.07135222153787
0.06834371022369
0.10329220605077
0.10789951935586
0.15795870506868
0.17185634342172
0.18215978123802
0.1628526669015
0.09023121600682
-0.03340680402334
-0.13634818192295
-0.22548657402192
-0.33819994280092
-0.4345851561896
-0.50779335849257
-0.48016260255711
-0.32106570644698
-0.09246383603682
0.09880089523165
0.20723727867176
0.14664182402623
0.18929247656993
0.24357890192236
0.19629841773567
0.11056233641667
0.06941906707699
0.00435980278162
-0.07172166154378
-0.11352237665446
-0.14483386585909
-0.17390884035264
-0.09929125918418
-0.04318521522548
-0.00470776775208
0.07341102077091
0.15334504225322
0.20339370052505
0.23898943333787
0.22795816224154
0.20701976663428
0.19354700258125
0.12168671399502
0.062987213705
0.01315355363103
-0.04667505011125
-0.05847392744292
-0.02513564620252
-0.02189458702147
-0.01686082974188
-0.01604142424814
-0.02300788751017
-0.02771387787143
-0.04398514731381
-0.08215299832645
-0.1373977394646
-0.1492886728946
-0.13851433272913
-0.13661006972065
-0.10888535755456
-0.04105033988862
0.03280889966466
0.12286078331069
0.20353721362194
0.26079893928076
0.27968920472073
0.24119134439763
0.23410644742447
0.22191467938594
0.19255551119394
0.15425486335842
0.07985428673868
-0.01719225530001
-0.07386059679063
-0.12333558034095
-0.20211482888205
-0.26888618554001
-0.30679948963869
-0.2644329127728
-0.17061004547505
-0.1293886228683
0.02537331616511
0.11989527871733
-0.06185824007545
-0.10625394578576
-0.08112698590227
-0.12237807889764
-0.09066340758643
-0.08214303738453
-0.11929738616071
-0.12720453292501
-0.1120158550011
-0.02336795667736
0.07972685985487
0.11134594625064
0.11266073157406
0.08698079778911
0.06415350546057
0.05515785434379
0.04612776480459
0.03703721329208
0.04665634383998
0.06228795322164
0.07588220772035
0.10081400867538
0.13673776805193
0.16685451072495
0.16947209047488
0.19284820237838
0.1885694821361
0.13069770779485
0.08967830111569
0.04332938923795
-0.01352721877582
-0.0372081071772
-0.04458239075691
-0.0688287160392
-0.08823958231938
-0.10673032429258
-0.16623218789609
-0.21111437467991
-0.24172432560285
-0.2826270924846
-0.28952752319917
-0.30172377602199
-0.31072414796432
-0.21833723777993
-0.10529845069332
0.0613141885343
0.11491739240819
0.05336745764771
0.03630710221372
0.02540815585771
0.03174063585176
0.05420119084702
0.07447482340366
0.1094531430462
0.099863328825
0.05858400529281
0.02229008598445
-0.00245339533813
0.03795948557468
0.08607599256107
0.12002474735819
0.09280685122169
0.01986663838343
0.0085640213154
-0.00534072424051
-0.02876147627047
-0.04705544243245
-0.07288162739311
-0.10959426032412
-0.16126422712269
-0.25260016351777
-0.29930187449134
-0.1173596997073
0.03204150586648
0.12503130088051
0.13871673812482
0.05846216078522
0.09489179202624
0.16503982538139
0.163024740993
0.1394286386186
0.15049838444321
0.17915143515274
0.19761387577673
0.17444016926892
0.15589794669303
0.13897543936527
0.07234483412125
0.02495343413813
0.01257118078843
0.00073721249822
0.01217327420442
0.00831720475329
-0.00717587790347
-0.00412751692057
0.00541382150341
-0.00144497979121
-0.01749626466373
-0.02306742892249
-0.02094406059792
-0.01672123493021
-0.03697491019681
-0.05616789857553
-0.0774792630058
-0.10598056277784
-0.12981278904446
-0.14466356207717
-0.16203667220422
-0.14566001033131
-0.08327752257792
-0.03473011043689
0.00938787264661
0.01896998838154
0.02434666642948
0.03920053160292
0.06580610125868
0.09200255236972
0.09854290211504
0.08923363475455
0.07480306240454
0.06101854683388
0.06075382654085
0.07973038867197
0.07973964149006
0.06907559161163
0.04225870600195
0.02649830069707
0.01965940594361
0.0179654675157
0.00208893580318
-0.0188826413067
-0.05380170278644
-0.06155362880648
-0.05523396585381
-0.05735579991008
-0.0703791177661
-0.08594212175037
-0.10746901547138
-0.12420161578911
-0.10602045375378
-0.05895553426403
-0.02769466411142
-0.00494878123938
0.01208499476653
0.03356354723385
0.06938540759078
0.10775538074958
0.14300796855483
0.15650681516906
0.15716855689132
0.13621293027079
0.11153104982067
0.06704802063964
0.0002986637369
-0.01699977544005
-0.02291157086678
-0.02581612960222
-0.01895792667224
-0.02391041493989
-0.03714305420104
-0.04346698950083
-0.04780977134591
-0.04690127207187
-0.04093829109406
-0.04040960584009
-0.03797329398943
-0.04726687640702
-0.06567698667973
-0.08545921670223
-0.11062161818358
-0.0853703943694
-0.03762711585144
0.03234500774145
0.03826735421329
0.03550024231389
0.03923530048314
0.04148128044946
0.04733948270406
0.0403732908895
0.0283894398105
0.00771141779615
-0.01004266885427
-0.00275022550638
0.00708320101658
-0.00351249956925
-0.01227514961991
-0.02008419762916
-0.02801994079426
-0.034042758236
-0.04517961059588
-0.05226037684668
-0.05848561148617
-0.06899367348618
-0.062383892199
-0.04620740513171
-0.02607804100405
0.00777014722647
0.02184360210547
0.03227374687968
0.05149282962166
0.05087569970091
0.04255516204477
0.03143038319625
0.01286421423273
-0.01651482863485
-0.03192640033737
-0.02194534769825
-0.00686010070185
-0.00990432152074
-0.01426061082794
-0.01634703869254
-0.0249330519738
-0.03833076670257
-0.05322598630788
-0.06790204158677
-0.07610458220815
-0.08655501473019
-0.08326605097182
-0.05930950176419
-0.04186219206147
-0.02035795830313
-0.0059328868951
-0.02752326273756
-0.03135366978097
-0.02207950175848
-0.01550079530552
-0.00547639014512
0.00984486980411
0.02278211402798
0.03268738561486
0.03908939156728
0.04256923010493
0.0391977935241
0.02278028470808
0.00551720876328
-0.00250053396151
-0.009634370553
-0.00088770120497
0.0170903562804
0.01856691249354
0.00255403271712
0.00491828352608
0.00434803612392
-0.00762238066576
-0.01320557712866
-0.02288712879246
-0.03919492562258
-0.05012717740288
-0.04488247003335
-0.03570688465052
-0.02716228481146
-0.01289723640749
0.00420260047083
0.01309781248329
0.00841704549297
-0.01219989966055
-0.04081833491669
-0.06911209539524
-0.0832977277113
-0.08396083847296
-0.09362524173793
-0.10627446957487
-0.084588366012
-0.04253161692732
-0.01239021974283
-0.02491782731138
-0.0396869890723
-0.02397637667496
-0.00042962002791
0.01993027511192
0.04485700117948
0.042183160991
0.03143142177787
0.04256923010493
0.05435062857998
0.06868720929318
0.08964035748029
0.0925607781896
0.08907186386482
0.07628248651921
0.05273790015369
0.00481931731934
-0.02103229282755
-0.02867392856054
-0.0444532643759
-0.04826792746608
-0.04700356055959
-0.03971846517669
-0.03079727328099
-0.01870718002286
-0.00683323566382
-0.01638591469099
-0.01484871947359
0.00683237647357
0.02963413267648
0.04363518071331
0.04377177780076
0.03575153185822
0.04050874317675
0.04746384105126
0.04431217070211
0.02739041870643
0.01675461116688
0.0111922736717
0.02215600273661
0.033605692404
0.03969279568773
0.02423152549418
0.00221912673035
-0.01557017963912
-0.02709096493938
-0.03119102553852
-0.02267953048866
-0.00640741837892
0.0156926496561
0.04533828934487
0.04985569452725
0.0514565382752
0.0501640706546
0.04178690669592
0.03083898177477
0.01639931003351
0.00522774544331
-0.00218249076363
0.02231000786829
0.05921271303824
0.05226908676983
0.03950384464487
0.0426782693732
0.03440540025311
0.01437317891331
-0.00138788376653
-0.01076013166076
-0.02011769188648
0.00383763344712
0.02953948012409
0.0383146096771
0.04110743827371
0.02999715235964
0.01892183596087
0.00384607900404
-0.01074738071093
-0.01707121333277
-0.00763848930276
0.00840987101833
0.02365825204284
0.03922459601119
0.04999330659219
0.06043953757949
0.06655886049764
0.06743948329677
0.05822957751216
0.0443279264574
0.02962002921013
0.02788546807831
0.01565197974393
0.00268019441968
-0.00117282242762
-0.00885382571502
-0.01611334602548
-0.00964141402473
-0.0054499700449
-0.00538303936038
-0.00199332256279
-0.00885195508789
-0.01797202946322
-0.0203293382982
-0.00837911838046
-0.00443162660183
-0.00487396795638
-0.02160247413815
-0.03066872520111
-0.01363602200281
0.00919862065112
0.02203224629467
0.01511399446362
0.02238221289517
0.04202923847376
0.04543428733254
0.02750048475426
0.00822256164256
-0.01305075765456
-0.02616776029373
-0.01677009547471
-0.01184825716698
-0.01925692015881
-0.02189271049331
-0.01197816248421
-0.00379720193665
-0.00689543726134
-0.01660967002026
-0.01633206187347
-0.01695272061132
-0.0205015422124
-0.02285624279126
-0.02586121348628
-0.02945317163087
-0.03195699128697
-0.02387615354842
-0.01097488437569
0.01211183265981
0.02003759127887
0.01481555567406
0.02563387032959
0.03390989060073
0.03652100281965
0.04098709262824
0.02884254464732
0.01782851636633
0.01438395419764
0.01120137896399
0.00683245318699
-0.00489542882936
-0.02083746435687
-0.03647552946748
-0.04441252365136
-0.05156047905187
-0.04395201892047
-0.0126608410678
-4.675600047e-05
-0.01723943995144
-0.0235180553259
-0.02444974565548
-0.01948683616543
-0.02015179985112
-0.02584607143831
-0.01838822924626
-0.00669697965602
0.00420372874813
0.01223407843757
0.01510366765772
0.01242661730786
0.01609433290055
0.01510760954706
0.00262641359474
-0.0044935980591
-0.00669541942317
0.00636783071601
0.00962631918501
-0.00025481859747
-0.00430360371379
-0.00813598642269
-0.01611635555177
-0.00699190733157
0.00367318938993
0.00204898699712
0.01050621143639
0.02338248501801
0.03049218992946
0.02325102182835
-0.00124748759471
-0.02469778963224
-0.03266686182576
-0.03529468576714
-0.01750597776231
-0.01349777262642
-0.01860905766369
-0.01189973776967
-0.00738966993041
-0.0074043918249
-0.00873525155934
-0.00223417790243
0.00356744761831
0.01084560338765
0.02300673090791
0.02919660656399
0.01734007615022
0.01173681971933
0.01199665631832
0.0062931059485
0.0024753164916
0.00039970403835
-0.00144592513653
0.0012934082451
0.00393929052443
0.00544664304309
0.00039718594999
-0.00517702371334
-0.01751921967799
-0.03374546424663
-0.03505018240955
-0.03300425922822
-0.02797921187178
-0.03043431260815
-0.04075462737582
-0.04431613619558
-0.04528425949638
-0.02738391576923
-0.01022383289537
0.0007768503199
0.0041989194071
-1.595099683e-05
0.01528351930932
0.03478777532105
0.02828246590341
0.02567625154101
0.01880049894203
0.00914852325033
0.01164158296478
0.01634361609402
-0.00160302594957
-0.00890319256806
-0.01039916671692
-0.01762173240493
-0.02384642414948
-0.02263484787477
-0.01926436726112
-0.02234144856649
-0.02623319093593
-0.02711212603993
-0.02514316411721
-0.01635776676862
-0.0115759339844
-0.00728269602332
-0.00268827175221
-0.00431699669589
-0.00213969647997
0.00476894965128
0.00796567083871
0.00973105306038
0.01140093770188
0.01333378294868
0.01121199610067
0.00980922757116
0.00940570438494
0.00785978390171
0.00731844211442
0.01300651171704
0.01197496412489
-0.00047498975795
-0.00453748049305
-0.00607766399303
-0.01194957788547
-0.01665438804034
-0.01209199339042
0.00115111796005
0.00741201359776
0.01563605875975
0.0163410078379
0.01016729038749
0.01821673345589
0.02742019531362
0.02578527900722
0.02166900237229
0.03233856381456
0.0253475640617
0.00360569102613
-0.01365736013432
-0.01833024570637
-0.02821134666642
-0.00702720494425
0.01489051058182
0.02458913983208
0.03375585006286
0.02408332697792
0.01786943412183
0.00841079393973
-0.00294502093128
-0.01328240856457
-0.02261439489805
-0.01632716401696
-0.00850377768028
-0.00521963742542
0.00860324193412
0.0234267073514
0.02560213457979
0.02109163360479
0.0210938523928
0.0309018867753
0.02671118632549
0.01712963354902
0.00425292919207
-0.00336148035973
-0.00874581322631
-0.0041374058699
-0.00065290823149
0.00485168565976
0.01551103949697
0.02533081693305
0.02845441017221
0.0211589879834
0.01533567262965
0.01238014078026
0.00623338160419
-0.00222704119439
0.00173116095721
0.01266842979488
0.01445377520761
0.01846031625249
0.01164013131092
0.00633373927426
0.01171366879081
0.01761034341328
0.01395854880477
0.0102109993311
0.00209511418363
-0.00837509151626
-0.01485542304588
-0.02227403517756
-0.02868413734581
-0.02960817993799
-0.02300533826437
-0.01410027979001
0.01362320496143
0.01384673605148
0.00238615071871
-0.00208672409641
-0.00680112932922
-0.00333140516032
0.00229563360951
0.00311150792574
0.00637593401308
0.00908311031122
0.00143478398821
-0.00600523590715
-0.01289170123953
-0.02101587615668
-0.02725997049427
-0.03059919924274
-0.02353257186448
-0.01290810610834
0.00457009667682
0.02526362778333
0.02447279508626
0.03107981469049
0.0356198916376
0.02882059280849
0.01992520022445
0.00762476350245
-0.0173853488673
-0.01736451822454
-0.00961316578481
-0.01542382224483
-0.00946421075626
0.0007707585666
0.01416150889747
0.01483222018827
0.00275173144974
0.00307411426651
0.00145939011122
-0.0028240084692
-0.00770370868801
-0.01968291565488
-0.0280825507432
-0.03002233796398
-0.02344062198472
-0.01502228062514
-0.00322948961782
0.00945715666267
0.01780519548808
0.01992599096273
0.01949492057919
0.01418534906652
0.0090425395364
0.0033093069759
-0.00313624151103
0.00201559895838
0.00631069574452
0.00843933723124
0.01219136676836
0.00932207141961
0.00546023902069
0.00251209998412
-0.0083085243353
-0.0131964777374
-0.01123245379821
-0.00611833272499
-0.00412405891585
-0.00641948480904
-0.00393886328972
0.00423883516738
0.00536690239842
0.00499040003747
0.00382620196804
0.00086747565403
0.0002800733619
0.00729649617662
0.01334170213355
0.01763758257673
0.02189786799523
0.02253267740769
0.02169817707423
0.01791920342525
0.01431477049913
0.01122551536485
0.00717448053911
0.0044800209648
0.01033687070289
0.01358684280259
0.01288417152277
0.01171882747293
0.01074347422778
0.01360752001852
0.01842120421277
0.01951504309812
0.01116327482052
0.00478572392469
-0.00823525594248
-0.01973600133825
-0.02455755750911
-0.02788432327812
-0.02771155286485
-0.02058157200763
-0.0154134718348
-0.00734991113758
0.00055691484663
0.00023081508785
-0.00318649469907
-0.00583260357803
-0.01141547548418
-0.01511956503778
-0.01186636153299
-0.01050059365398
-0.01549479985706
-0.0175775218736
-0.01305433367992
-0.00626355122011
-0.0053389114435
-0.00751514947367
-0.00822993321166
-0.00148925169327
0.00427184672028
-4.981358476e-05
-0.01566596518964
-0.01932073391825
-0.01143999663232
-0.00753053582437
-0.00558791610825
0.00110124810304
0.00939772618975
0.01490837890655
0.00490042818362
-0.00965555407747
-0.02483009076843
-0.03887355542288
-0.04474720657912
-0.04422531931395
-0.03772941614123
-0.02886917010346
-0.00827630942171
0.01045165049504
0.01193772861332
0.01305014394724
0.01194267367809
0.01229161349903
0.00722419083221
-0.00857505388473
-0.02345916302709
-0.02055907727386
0.00137890829694
0.00503464479479
0.0069946288875
0.00207030270471
0.00211241600929
0.00847159935309
0.00742979812784
-0.0017234188033
-0.00935459318686
-0.02748483521754
-0.02307800357174
-0.0146747452498
-0.01895643961219
-0.02734462669854
-0.02602038792195
-0.00723385200171
0.00866149102044
0.00870021123165
0.00818306957637
0.01017628710079
0.01359235436642
-0.00108336242928
-0.01854612905903
-0.02996981877967
-0.02223877061066
-0.00809431687572
-0.00661779488856
0.00167701662871
0.00962171283948
0.01146853284259
0.01271483551009
0.00682664303093
0.00589323196044
0.00433614554455
-0.00072274600039
-0.00719038854102
-0.01255628658381
-0.01637444308489
-0.01288889234832
0.00172083769193
0.00494476971786
-0.00277829317472
-0.01756547196637
-0.02602665481787
-0.01487620648039
-0.00069089954723
0.00246952167823
0.00955744706098
0.01441563093712
0.01816671630913
0.01785803332812
0.0092004629533
-0.00022955663377
-0.01343922258746
-0.02050305287658
-0.01285468996717
0.00447128507711
0.01209061254894
0.01534232899368
0.0187456665532
0.01694740968257
0.00513434627011
-0.00665722912463
-0.0169607342127
-0.02599067032508
-0.03278248664568
-0.02938220582071
-0.01534788776577
-0.01060503483816
-0.01170555487188
-0.01038832416083
0.0004425703146
0.00976069984487
0.01638841672854
0.02007433110375
0.01205305838165
0.0028938719666
-0.00034907672488
0.00313487837265
0.01180807113944
0.01976849242013
0.02849171649616
0.03240006436949
0.02445055999789
0.01794782343018
0.00230052438479
-0.02260953244773
-0.01917174466372
-0.02169376310233
-0.02925211167046
-0.02888581101354
-0.02463952284282
-0.01446979060831
-7.78955926e-06
-0.00105228983745
-0.01214709722671
-0.00942430325743
0.00410300403387
0.00844596290991
0.01675784493239
0.02211828334042
0.02455073591618
0.02842247378732
0.02817966992694
0.01916618589163
0.00667876907144
-0.00507296609623
-0.0016932149614
0.00753300835675
0.01986390030461
0.02577283963188
0.026310789506
0.02559350727109
0.02385826161956
0.02883811887336
0.03086801485194
0.02637119246898
0.02485478068609
0.02527041397006
0.02411677402698
0.02474997835875
0.020874617254
0.0085414652109
-0.00804450508487
-0.01451590127192
-0.01731898586205
-0.02163207371439
-0.02289367893792
-0.02124457655072
-0.01968154661546
-0.0206658387438
-0.01888311338925
-0.01076208372213
-0.00529388538955
0.0025493921456
0.01127431217821
0.01122306525639
0.00505900779527
0.00545666889636
0.00411339929175
0.00544854317537
0.00221282914906
7.533958423e-05
0.00750783691489
0.01530340578697
0.02866698894698
0.04354327804181
0.04668391346123
0.04635835352885
0.03929647058028
0.03007289800568
0.01248330262072
-0.0067387990892
-0.02386726659431
-0.01683839401843
-0.00576671737617
-0.01481115350423
-0.02112260222043
-0.01624369982113
-0.0110122933776
-0.01120192303914
-0.01614295740378
-0.00757753046256
0.01431173736871
0.02389100054479
0.03971427544401
0.04333983406449
0.02631353938689
0.02144423206553
0.01213047992076
-0.00281269501075
-0.00922971436865
-0.01648976105115
-0.02767897916851
-0.03263894994466
-0.03865611419779
-0.02938212320626
-0.01723929832667
0.01346822025844
0.02871642779261
0.02699541543013
0.03380197252853
0.03173577340144
0.02371722695609
0.01461901590412
0.00712058995498
0.00246106785987
0.0010010209638
0.00732200869813
0.01031291723402
0.00447134644785
-0.00165620250883
-0.00655239493173
-0.01227936295672
-0.01004988463613
-0.00039722407066
0.00392757107499
0.00879678043921
0.0063810738119
-0.00652451727662
-0.01085248163048
-0.0161438307565
-0.02356533439384
-0.02892374284688
-0.02573271261466
-0.02011104732451
-0.00858086050016
0.00359174334703
0.00837436922995
0.01085010351461
0.01012309755926
0.00670061823232
-0.00152944126143
-0.01214890294249
-0.01891329126662
-0.01788138961255
-0.00898280102961
-0.00442365076705
0.00092169610584
-8.730528373e-05
-0.00305644421646
-0.00661259371901
-0.01266854781552
-0.02130843751842
-0.0254774457748
-0.01682842127445
-0.01237913760483
-0.00098705227702
0.00190446364356
-0.01035873402624
-0.01160668308165
-0.00910877743977
-0.00695895596919
-0.00431264291453
-0.00090241849666
0.00375810878023
0.01033546035626
0.01306966456091
0.00818757324395
0.00043953683011
-0.0073636038921
-0.01553136265099
-0.02130488509719
-0.01878837822241
-0.01857229423467
-0.0199007699522
-0.01848633980337
-0.01913339975814
-0.02018555375384
-0.02274828931287
-0.02658739447736
-0.02033349262469
-0.01319803560983
-0.00507395864981
-0.00065862043042
0.00356569501182
0.0075137686322
0.00944526254269
0.01713184053497
0.02701375583741
0.03108415785
0.02204652679197
0.00568702275955
-0.00539701418423
-0.01513077699847
-0.00796728654126
-0.01181584869954
-0.01940753809816
-0.02119522031954
-0.02826243780099
-0.02657877897072
-0.01581935661401
-0.01228917047181
-0.01380585370217
-0.01511021780318
-0.00459946847322
0.00938580256461
0.0162408673258
0.01073216312975
0.00447289723904
-0.0046912932511
0.01121292020227
0.02625863618567
0.02846471337398
0.02316519721975
0.02226898389422
0.02578700210854
0.03221893809498
0.03500852112403
0.0388893347823
0.03796338025577
0.02837871173442
0.02263028047605
-0.00255431360624
-0.017970141133
-0.01425876970597
-0.01523462335863
-0.01743904825799
-0.02175796632989
-0.02384218720855
-0.01719559528409
-0.01224899624633
-0.01513440023209
-0.02217591281839
-0.01700089663612
-0.004221918089
0.00314002643292
0.0124149686708
0.01772016161776
0.02058926695329
0.02131686419204
0.01905002997883
0.01582792491239
0.01360497077272
0.0149155191552
0.02088107298294
0.02325108083867
0.02073997930915
0.01453393482555
0.00710056303276
-0.00102029113767
-0.01448135663092
-0.02604369699813
-0.02704001542957
-0.01965099107206
-0.01081984538321
-0.00210905006067
0.00138109876
-0.00564358998423
-0.00121886404916
0.00325792551055
0.00033540615824
-0.00547781701464
-0.01084139831228
-0.0101771569129
-0.00362807127989
-0.00754163566545
-0.01460514847905
-0.02204284454804
-0.03365544990535
-0.0298612043857
-0.01831391164995
-0.01007277473904
0.00049212505649
0.01079816617205
0.01712637617939
0.02228501109698
0.02443039027071
0.01908820965551
0.00837601679807
-0.00088832541613
-0.009441810439
-0.00101522144311
0.00095909637422
-0.00571491811776
-0.00662987312075
-0.00269033121235
0.00081691407806
0.00026008904514
-0.00168011939131
-0.00107181576205
0.00229718794132
-0.00259735219262
-0.0089642328425
-0.01328219612742
-0.01560258810656
-0.01763431340504
-0.01880147851333
-0.01524321526114
-0.01300835283901
-0.00745095568777
-0.00531128517234
-0.00950451126382
-0.01002426707625
-0.00739050551653
-0.00614031170857
-0.0052705621509
-0.00946093804394
-0.01198648293925
-0.00938484659743
-0.00813629681697
-0.00599076657683
-0.00113392612962
0.00499605086566
0.01003944571062
0.01242323011552
0.01084482091081
0.00639511944814
0.00204319100355
-0.00515246243818
-0.01374633589398
-0.01350962189856
-0.00676959775513
-0.0075968232964
-0.00570216716793
-0.001762673648
-0.002500290839
-0.00524567867939
-0.00442091976947
0.00049114182655
0.00390955522446
0.00593230387315
0.00684120323715
0.00131273884554
-0.00333144882796
-0.0136224968376
-0.02785471189982
-0.03348516972756
-0.02417594957532
-0.01191747627169
0.02456505181968
0.04520101953978
0.03748090008192
0.04348767851883
0.04642533024142
0.04043667977465
0.02721299827999
0.00783311713835
-0.01357821549388
-0.012505891771
0.0022500044701
0.00158511159679
-0.00012352523951
-0.00658698678099
-0.00851747279522
-0.01192061562069
-0.00645446140558
0.00288349913264
0.01815288429025
0.02866173702854
0.02610961152495
0.01639685520422
0.0127640855227
0.00276340369092
-0.00837569342151
-0.00891515750043
0.00482196806289
0.00982701446165
0.0137871828371
0.02044930627763
0.02384937466545
0.01944957704973
0.00645121819842
-0.00344582498952
-0.00833087154328
-0.01408442961821
-0.02046332712953
-0.0252477186012
-0.02801022769568
-0.01983119678558
-0.01404126947057
-0.0093056842539
-0.00023863702371
0.0035380380553
-0.00166324243994
0.00520453904509
0.0125400469439
0.0136021028712
0.01690867530889
0.01840808031772
0.02139028483149
0.02575217421801
0.02055028473626
0.01563201065183
0.01417745348578
0.00596821755356
-0.00533743146468
-0.01248038751094
-0.02236841628248
-0.03350382879057
-0.03734469246258
-0.03996319277349
-0.03632087522228
-0.03107177748498
-0.01681201640564
-0.0036582031292
0.00187710291885
0.00809927138214
0.01099082896401
0.00582647712667
-0.00200822148824
-0.00630400751492
-0.00684054350178
0.0038458866304
0.00861920068491
0.00762315724156
0.00520349338223
0.00784248443646
0.01251068340894
0.01008201457486
0.00594527316115
0.00461755513613
0.0015978413029
0.00138416847681
0.00507532886943
0.00477018768778
0.00451417495749
0.00405574620965
0.00188924016135
-0.00609751860512
-0.01797844978597
-0.02539195162399
-0.03345171087644
-0.03777919724672
-0.03986877626238
-0.0316222139427
-0.01338577104011
0.00417541323645
0.0046805616344
-0.00219903371658
-0.00301408070813
0.00160954068884
-0.00199895214726
-0.01119786903019
-0.01579945833429
-0.01522507548894
-0.00383162383619
0.00252550358808
0.01050893299233
0.01413097695819
0.01506599546979
0.01315292812165
0.01226294628585
0.01637171680814
0.01090015842797
-0.00157024807753
-0.00697493360329
-0.01420206078899
-0.01047073207193
-0.0083023176299
-0.01258025657556
-0.013168695679
-0.01769922475643
-0.02013970273563
-0.02400413512923
-0.02358363939493
-0.0167808825611
-0.00798936230176
-0.01193738635347
-0.01406790672876
-0.01280041227535
-0.01615717889076
-0.01862221696492
-0.01497111867818
-0.0058501461658
0.00334831633767
0.01426573292367
0.01957596535191
0.02445898667151
0.0276383918708
0.02879626875481
0.02283248523666
0.01273865207502
0.00063376056304
-0.00060375110113
0.0062762950887
0.00543769589845
-0.00377864201098
-0.00740232764393
-0.00799554894365
-0.00567340789865
-0.00509911828961
-0.00721167474345
-0.00775200509386
-0.01022242372895
-0.01583514777549
-0.02190551573263
-0.0263297790268
-0.02851594613332
-0.02535036115085
-0.02225085592408
-0.01902063103768
-0.01240933908633
-0.00797083542187
-0.00325806241449
-0.00111461594675
0.00517847300678
0.01346827926876
0.0195050821562
0.02667208608783
0.03025951223989
0.02750813249166
0.02659832318852
0.02367378355891
0.01968033100288
0.01685684064429
0.01064235532459
0.01240858375424
0.01078077229029
0.00612778263755
0.00474976303602
0.00160960914081
-0.00142164002966
-0.00340934717045
-0.00335379603593
0.00013926683232
0.00246618877539
0.00521772549107
0.00536185819631
0.00222595894514
0.0014709502328
-0.00026005729759
-0.00020346486697
0.00356562774006
0.00504422807067
0.00720587048843
0.00404867205255
-0.00282615880524
-0.00713172638246
-0.01002819716353
-0.00650757659411
-0.00203134409181
0.00076514113825
0.00560189211231
0.00927998289937
0.01248828309168
0.0124386318089
0.0122962989184
0.0169403756525
0.01044660393252
0.00609305624476
0.00638384847712
0.00711467476056
0.00575351086667
0.00153992739519
0.00063308064614
0.00310608133676
0.00542013206697
0.00361977678939
-0.00105590138702
-0.0029194765442
-0.00393058532211
-0.00270714089195
-0.00254584208478
-0.00307181286406
-0.00417895385562
-0.00551276410602
-0.00737425879538
-0.0093624698843
-0.01155831468322
-0.01048667429983
-0.00393682507328
-0.00062520866952
0.00352986866668
0.00843445471741
0.01047541395068
0.01241001180397
0.01059400462925
0.00845689398148
0.00603928250106
0.00686043706067
0.01081485192998
0.01112537013193
0.0094163002779
0.00905564100752
0.0108929036993
0.01242020878717
0.01364222988842
0.01455282992983
0.00749242105904
0.00278805584197
0.00282164097518
-0.00016636389893
-0.00367829024194
-0.00639200488348
-0.00805269099638
-0.00927736166098
-0.00575106901966
-0.00327545157543
-0.00261871746888
-0.00535540482778
-0.00539316553119
-3.809263646e-05
0.00127970722913
0.00278660418812
0.00528455349764
0.00343319678116
-0.00563662204571
-0.01028392664428
-0.01335493224717
-0.01420805623744
-0.00444774586069
0.00614616789267
0.01499330655829
0.02208894340959
0.02908416830132
0.02701461738808
0.01598168220074
0.00220338631774
-0.01141208593143
-0.0243047927068
-0.01842323416776
-0.01382913917423
-0.01207627304132
-0.0043106424647
-0.00050810988985
0.00337305936461
0.00029481732625
-0.00992349161312
-0.00860573453001
0.00049279482362
0.00043037972676
-0.00517157706085
-0.00989803102069
-0.00559335803991
0.00212547617319
0.00405872150996
0.00673914134906
0.00171553856524
0.00461912717104
0.01106480666088
0.01212329246385
0.01444929042333
0.01185270654507
0.01049159103965
0.00796797578179
0.00262918707976
-0.00245397599968
-0.01162913060717
-0.01621123234337
-0.01646821048249
-0.01361673743042
-0.01102991503919
-0.00689514457016
-0.00239725764104
-0.00168197467575
-0.00386674323771
-0.00435906751304
-0.00926228098374
-0.01447072297136
-0.01904319658384
-0.01714765530058
-0.00890732801125
-0.00395921004786
0.00370645586741
0.00637053102823
0.00751198061952
0.00978150216268
0.00637956432793
0.00337641351117
-0.00203762515022
-0.00583577715301
0.00231158409886
0.00543792367828
0.0055831232901
0.01041594453095
0.01321922031451
0.01117904945911
0.00509632592129
0.00056115308579
-0.00630608821878
-0.01471482505877
-0.01943594566594
-0.02449449908175
-0.02916551992771
-0.02770327961806
-0.02048936248247
-0.01248352685993
0.00044713912957
0.00113383065092
0.00315339463069
0.00755034912922
0.00784769386746
0.00803451817841
0.004366524057
0.00117138694259
0.00688709674279
0.0113863114041
0.00919932523434
0.00211761245802
-0.00212184467813
-0.00476214694166
-0.00274247981185
-0.00282345259199
-0.00367632637851
-0.0032622934544
-0.0037400929297
-0.00684559950595
-0.00897309855289
-0.01119006786596
-0.01719191304016
-0.01775939167813
-0.00914787767743
-0.00318998810998
0.00346131401817
0.00914408803472
0.00542355348529
-0.00116920367879
0.00046332908279
0.0040808787047
0.00173096858357
-0.00140360411563
0.00060370625328
0.00463138715501
0.00672059794627
0.01061266841308
0.01240523196809
0.01247433305216
0.01026977242906
0.00764175611404
0.00526895589
0.00137795705059
-0.00121206133953
0.00181581834169
0.00394064894198
0.00281902799824
0.00259436981108
0.00458472179439
0.00507099987239
0.00527950811532
0.00602710749195
0.00654530661216
0.00658765005698
0.00681019921532
0.00512466267669
0.00158500537822
-0.00089680508102
-0.00387979159954
0.00020549659227
0.00647838300887
0.00764167349959
0.01025416065895
0.01258645265911
0.01046695541149
0.00289473469747
-0.0020293282993
-0.00255698677371
0.00369600513984
0.00403182932718
0.0040339206529
0.00643346553392
0.00784515878414
0.00719258844573
0.00418280722948
0.00270152310954
0.00027334535934
-0.00352258325264
-0.00448601641326
0.00092395643712
0.00292394244518
-0.00104298213977
-0.00147102222539
0.00030562164366
0.00213254088863
0.00312070291371
0.00278178658564
-0.00184919221796
-0.00320540396583
-0.00238143225357
0.00016439826519
0.0016298544012
0.00228402391926
0.00278186211884
0.00018163777595
-0.00101434466778
-0.00131312477303
-0.00028532988314
0.0030148513829
0.0046975011367
0.00717862188333
0.01010349551134
0.0102823782135
0.00789625463954
0.00840276971649
0.00909236666993
0.00591374748809
-0.00052746574671
-0.00478793209084
-0.00991472149944
-0.01457369597879
-0.01664650426166
-0.01140704763035
-0.00859654544307
-0.00639782684159
0.00125351962956
0.00504206593256
0.00606064895753
0.01107387890739
0.01471608787961
0.01141912114171
0.00739690695598
0.00676807292847
0.00542973304595
0.00337433634793
0.00210642882228
0.00239760580192
0.0060032496198
0.00863358149976
0.01269614104089
0.01474056536011
0.01300959205572
0.00919855219915
0.00490105841384
-0.00211069880899
-0.0095037866171
-0.01423384374704
-0.01709957369229
-0.01227487817244
-0.00613152861262
-0.00371796878074
-0.00045005482945
-0.00429653545773
-0.00809907782829
-0.00892878298319
-0.00720203599787
-0.00729554375007
-0.00581805517388
-0.00297315941201
-0.00059541967017
0.00241911270295
0.00363336332533
0.00172285466465
0.00326166322418
0.00810104877296
0.01047168331828
0.01400956912696
0.01333975479301
0.00323636904086
0.00229647863729
0.00701256920482
0.00545842740388
0.00580024467926
0.00473830323198
0.00216174509572
-0.00264196399412
-0.00795634838845
-0.01147677894463
-0.0149784005516
-0.00761495480716
-0.00121387413655
0.00050934627406
0.00287330214944
-0.00061753626581
-0.0019154619869
-0.00226955930976
-0.00455531105118
-0.00732699152951
-0.01062249127086
-0.01031690161079
-0.00669706581109
-0.00629777484498
-0.00558051149337
-0.0043071148278
-0.00326150979735
-0.00053966660233
0.00203669278717
0.00417157284486
0.00656436222451
0.00581970628261
0.00485560158456
0.00670754486361
0.00765605667486
0.00582466905048
0.0051195665455
0.00638820225849
0.00754771490856
0.00714787396628
0.0068813160919
0.00600853694442
0.00430084911208
0.0003706939752
-0.00627200503847
-0.01038736229262
-0.01507154243981
-0.02064203398094
-0.0181818583571
-0.00940681259874
-0.00799201186511
-0.00580284467394
-0.00671094031739
-0.0074330248121
-0.00114828522867
0.00185909650997
0.00412309704764
0.00904105719717
0.01213849352214
0.01075482073201
0.00943930014001
0.00772135395373
0.0062021450817
0.00458391925404
0.00094767032409
-0.00297155787194
-0.00628383542732
-0.01103404694176
-0.0118412585431
-0.00807037874953
-0.00798910147615
-0.00740479073466
-0.00597992284053
-0.00501874387411
-0.00209308894946
0.00328450965946
0.00662446305466
0.00932762075005
0.00515325671708
0.00144159377908
-0.00148966122489
0.00508025151027
0.00840342119042
0.00662512751086
0.00957239909572
0.00875211670863
0.00951779920755
0.0118735489899
0.01195328373353
0.01066775808691
0.00995017489936
0.00834286598081
0.00212592347141
-0.0035223177062
-0.00986726658075
-0.01390907455295
-0.00939331103765
-0.00603665064081
-0.0044708200758
0.00016644474307
0.00283534435156
0.00087407466003
0.00101620868575
0.00090212332705
-0.00111594780966
-0.003017676797
-0.00329159325821
0.00339483771311
0.00635913141472
0.00621078301226
0.00842649304511
0.00924066196311
0.01117668904634
0.01257534691699
0.00825455939817
0.00303366859357
0.00161034795001
0.00083270724589
0.00244448123928
-0.00095551303158
-0.00312929717664
9.192104732e-05
0.00050389124211
-0.00250098834097
-0.00469294672025
-0.00183998778833
0.00490576153629
0.00970855360578
0.01353150292501
0.01163667684682
0.00437048128903
0.00141329124967
-0.00287509842357
-0.00840692640339
-0.00567357312754
6.857686e-05
-0.00108093344651
-0.00159967888425
-0.00447199910198
-0.00320656646913
0.00346321769107
0.00822675255544
0.01509637398224
0.0164383040526
0.01687684514258
0.01276637512309
0.00929083843773
0.00590958608037
0.00057684971274
-0.00142882512616
-0.00169893660197
-0.00862743380468
-0.01478238007247
-0.02179890768952
-0.01771480348076
-0.00964017244761
-0.00842309287051
-0.00310790003481
-0.0023608966624
-0.00716642799092
-0.00049621293736
0.00324733787904
0.00531106683416
0.00233688300301
-0.00324746298091
0.00186940207216
0.00786323246477
0.00822293340757
0.010293960759
0.01258318348741
0.01175438709143
0.00521786593563
0.00163281907965
-0.00033608324264
-0.00191706706759
-3.803333109e-05
-0.00165199861368
-0.00386568105196
-0.0025977912294
-0.00131349299742
-0.00363710339938
-0.00550641223524
-0.00514833053561
-0.0055988613423
-0.00506182494792
-0.00421295088086
-0.00342628313213
-0.00214727340498
-0.00078624039599
0.00168099982527
0.00277672586064
0.001891502617
0.00252763031999
0.00419304197928
0.00561289163585
0.0068416363729
0.00708164196394
0.00529690317729
0.00288805236889
-0.00060685858455
-0.00097097113882
-0.00285345225819
-0.00448853143307
-0.00421264402719
-0.00498563436408
-0.0064998344402
-0.00724262801641
-0.00651385411189
-0.00560273005884
-0.00537343602099
-0.00460708198463
-0.00377573280223
-0.0028796858858
-0.00148767021671
-0.0003330682874
0.00081864119209
0.00205231753955
0.00282637478301
0.00360905697476
0.00336988815005
0.00265778702118
0.00257619227228
0.00176019993541
-0.00159942277946
-0.00416232002677
-0.00625612418131
-0.00557086920717
-0.00040424983929
0.00160205345951
0.00439386117759
0.0075218412439
0.00265464767219
-0.00137658801118
-0.00524372543782
-0.0109148118705
-0.00362740092266
-0.00261249424059
-0.00783543742411
-0.00559444737041
0.00112437365713
0.00401666249487
0.0062929206561
0.00649528120395
0.01193792924841
0.02045073432736
0.01572316979331
0.00519735748921
0.00324367451841
-0.00224724160695
-0.00095544918242
0.00293460915052
-0.00063010074303
0.00099483396784
0.00795898614972
0.01169182317055
0.01326351346029
0.0031815685176
-0.0041328797784
-0.00867516135105
-0.00914601649196
0.00111643145823
0.00048133867822
-0.00327203487793
0.00352118706848
0.00588277769224
0.00631530209006
0.00410556154112
-0.00179587521413
-0.00445241711757
-0.00455131959317
-0.00217338547134
-0.00426190702207
-0.00971463166868
-0.01231951357807
-0.01253075871961
-0.0072147125947
-0.00434839372646
-0.00192199442926
0.00240411582036
0.00608068532139
0.00952174699793
0.01029884091242
0.00393705521353
0.00077954720952
-0.00200125591014
-0.00294241149496
0.00051679325835
0.00063452875938
0.00182786470831
0.00388570089293
-9.140259445e-05
-0.00352663608138
0.00194142888787
0.00187101895492
-0.00270151838871
-0.00506782275679
-0.00632651523096
-0.00494812386442
-0.00363722142002
-0.00640030881563
-0.01151979038627
-0.01313354913274
-0.00789420344083
-0.00287598357836
-0.00047964354779
0.00357028601467
0.00806021835273
0.01321698972444
0.01736558041029
0.01191155163562
0.00144020231575
-0.00264951023378
-0.00936525399117
-0.01547570411769
-0.02000106389113
-0.01741939782162
-0.01187829341958
-0.00622763635949
5.01719662e-06
0.00123411349591
-0.00253543974567
0.00277687102603
0.00518535715065
0.00064226489424
-0.00512692159172
-0.00272369564697
0.00325375820179
0.00426063003876
0.00718943965509
0.01144048051694
0.01453260119233
0.0170331280726
0.01553724007881
0.01723369234633
0.01204869161801
0.00140958304119
-0.00301748206294
-0.00727348451245
-0.00570523688475
-0.00279769340735
-0.00157936399168
0.00189676043646
0.00528100579723
0.00618290299673
0.0005985472171
-0.00054880694675
-0.00131802380975
-0.00481074548034
-0.00232826277554
0.00576682241453
0.00949871172963
0.01099475551066
0.00782282691884
0.00468336344437
0.00195617084587
-0.00072406523509
-0.00222896493081
-0.00175780411644
-0.00189212930659
-0.00222078846095
-0.00257110794315
-0.00476652196674
-0.00769347629862
-0.01207628484338
-0.01574335132256
-0.01597998270354
-0.0081598360334
-0.00310508052175
0.0069727372392
0.01340486677948
0.01036374754298
0.00137148833937
-0.00454249991083
-0.01088615763958
-0.00211088882222
0.00706481812186
0.0098093078252
-0.00183378698396
-0.01332703216814
-0.0146294489286
-0.02053079952878
-0.00756019323071
0.001764446318
0.0046419523626
0.00577404999846
-0.00993687161295
-0.01815374584092
-0.02303733365958
-0.00982572213565
0.00160811027869
0.00085333902388
0.00707622127599
0.00019889003295
-0.00683431673287
-0.0065977597049
-0.00460236824032
-0.00502414449855
-0.00511972705357
-0.00745764037676
-0.00957234244582
-0.01037782032397
-0.00796162627142
-0.00583539594635
-0.003789101
0.00036917835416
0.00355727187882
0.0067857925472
0.0092829074508
0.00258583691889
9.404057997e-05
0.00317517770001
-0.00021258550194
-0.00262344065485
-0.00425394062895
-0.00795377671872
-0.01071683106856
-0.00928280241243
-0.00133810148084
2.008524801e-05
-0.0044218497721
0.00010646694943
0.00857065525552
0.01039259296734
0.00208259219384
-0.00845378413765
-0.01235751622379
-0.00730763378431
-0.0019403454584
-0.00040173812406
-0.00275161106868
-0.00669940261974
0.0065167928258
0.01222966446568
0.01126607315741
0.00717845901484
0.0042620403854
0.00434832055366
0.0077598817913
0.00175696380949
0.00070711027209
0.00878226272042
0.01093967999932
0.00617528004367
-0.00303243999872
-0.00483452663907
-0.00985538662324
-0.01669030172075
-0.018993533499
-0.0144495618708
-0.01828662527824
-0.01673859576619
-0.00927289221938
-0.00833445110926
-0.00837808688007
-0.00245910281623
0.00116004209066
-0.00765518096172
-0.01815975309144
-0.0153550044103
0.00027543550485
0.00420046547747
0.00382481286512
0.00871284416084
0.016748721937
0.00641093303354
-0.00931108605854
-0.0111433753606
-0.01496416726255
-0.01774094505227
-0.01435077859605
-0.01656387801238
-0.00969676688457
0.00465308760988
0.01120208590762
0.01449756086464
0.00454987856117
-0.00289608603378
-0.01386569016609
-0.02642302713358
-0.02117135654635
-0.00518020672997
-0.00132327690839
-0.00115980073845
-0.0022890551391
-0.00474140599458
-0.00416200609187
0.00546793750696
0.01062085196419
0.00283754661669
-0.00515260996398
-0.00638079056237
0.00201061848742
0.01596501768652
0.03412373219634
0.01643484604788
-0.01351716341739
-0.01230767610799
-0.01306896823914
-0.00779307037516
0.01453624803007
0.01646206160721
0.01544995201428
0.00925737958661
0.00460874607564
0.01566471417087
0.03050094706087
0.04866754534936
0.06308626842722
0.05117819840045
0.02613397098482
0.02040032771249
0.01665392775985
0.02514413188645
0.04207794559143
0.02303452476837
0.00185966064863
0.00240698726251
0.00036573049921
-0.00760283172713
-0.00396580504116
-0.00588994980647
-0.02298128565817
-0.02400260086092
0.01416568682808
0.04045633021102
0.03990066543901
0.04807229645506
0.04814480833559
0.01009739502452
-0.04094803959883
-0.06694606260971
-0.0975198520089
-0.08805643789195
-0.09204526403893
-0.11954003659427
-0.0693100986211
0.03170618562727
0.05266610819905
-0.01201745155489
-0.03667579868961
-0.03996580102961
-0.04816480103182
-0.01106932331073
0.01961304743665
0.01660003953613
0.01871799071338
0.02144674590514
0.02185787080071
0.03126662955979
0.04121648934405
0.04974725716424
0.05248959653153
0.04390697044261
0.05158718712245
0.05797570331585
0.04005681854632
0.0107011933339
-0.02740651672157
-0.05008507944099
-0.05145896950036
-0.04463487453502
-0.02181373108176
-0.02191920612674
-0.02430113406699
-0.01166747315233
-0.00947561036977
0.00253117211937
0.0191726652247
0.03616454508401
0.05067021396654
0.06233184509725
0.07303741463644
0.05653514339756
0.04287713414973
0.03675306680189
0.00793331193994
-0.02290472566972
-0.03575133122313
-0.04247296066979
-0.01812283623559
0.00555114323758
0.02664999262423
0.02072165070393
0.01327895055985
0.02930040571589
0.03524577801438
0.0180080847684
0.00522572020915
-0.00923302838819
-0.02340654942628
-0.01877892476924
-0.00268252768771
0.00930060818622
0.01249570658986
0.00534165306294
0.0165297818498
0.02573356236326
0.0169480233899
0.01716193579788
0.02835030416664
0.02453971278851
0.00426924082457
-0.01543478636219
-0.05354276550472
-0.08859257024823
-0.07972186758185
-0.05011268446843
0.01216575628972
0.07384270486177
0.07065014036124
0.04393103485088
0.03876668773437
0.02492920450097
0.00685130934446
-0.00568635122211
-0.02237845983885
-0.042926691016
-0.06872702945674
-0.09721709366395
-0.1053614029021
-0.08588949634749
-0.04774003295039
-0.00471117736834
0.01735102846551
0.02214080167832
0.04581827928323
0.07780707713238
0.08433875236075
0.06851103988551
0.03958688396639
-0.02586824751636
-0.05287067337244
-0.03832696643799
-0.03373105392662
-0.04198398936081
-0.0257771473852
0.00175806966288
0.04036530089225
0.05349141472474
0.01559726537575
0.00810726137939
-0.00438764148992
-0.04021266479997
-0.05387101630766
-0.05792619365783
-0.07580647387638
-0.08578576800797
-0.06432202713084
0.01332752785482
0.08599020335866
0.09583222768516
0.04184214035492
0.0341764284116
0.04461483463054
0.02536486588737
-0.02517794479949
-0.06937166998841
-0.0780787960493
-0.02371489014744
0.00858606403013
0.05637038658568
0.07909006769568
0.0719544218478
0.0667885994733
0.03535433339803
-0.00360642983533
-0.04085663261401
-0.05232839214087
-0.04336575139679
-0.04143457968265
-0.06307565837178
-0.06585004034253
-0.02257484618196
0.01420744253012
0.02661334721586
0.017886830364
0.02754440023399
0.04197612918626
0.04962045578981
0.06647708399695
0.04954699974417
0.00844319414572
-0.01269727403902
-0.02769085204479
-0.04396843559134
-0.02727761457978
-0.02566679808784
-0.06204493692411
-0.08666895185497
-0.07837928839797
-0.05939675442252
-0.03664033348763
-0.00054471127652
0.01215939497729
0.02046651368678
0.06132864606256
0.08465288789528
0.07936820693535
0.06169350686769
0.02893090669966
-0.00517351850036
-0.00578058362103
0.010637148254
0.01358378606804
0.01337226947902
0.01397207396999
0.00176385149398
-0.01328632684978
-0.01935824087729
-0.02557245238911
-0.02987166101431
-0.02776650327431
-0.02294960891869
-0.02244255684783
-0.02351276800128
-0.02357109380102
-0.00851111148278
0.00331313556542
0.00408965117879
-0.00669705636943
-0.01474633656935
-0.02235978897378
-0.02367178901012
-0.02486835305956
-0.01736135527141
-0.00335596407507
0.01361665481597
0.02526935178431
0.02933948234943
0.02730865400781
0.03491882543847
0.04132421858322
0.04307060538306
0.03357835882403
0.01355942660817
-0.01493050777634
-0.02453896925848
-0.02388428517044
-0.0064382654333
0.00120503321049
0.00139615701331
0.00408940333545
0.01010628905987
0.01006016305357
-0.00371610759526
-0.02814923240417
-0.02656094605219
-0.02355726178214
-0.01812841861181
-0.01175396221713
-0.00099197267547
0.01345609953883
0.02217241940748
0.02214260739409
0.01148695468412
0.00062383184075
-0.00510851627308
-0.01454207824963
-0.02182530890644
-0.02282188698328
-0.02031412543785
-0.00967775848047
0.00581263920676
0.01249719364991
0.0074359422823
0.00066368575822
0.00132723886123
0.00578440394911
0.00619986964378
0.00302791980825
0.00905204491865
0.0202582544674
0.02472534745142
0.02154699263581
0.00853334657115
-0.01151215445093
-0.02038162144123
-0.02797124547866
-0.03277947711939
-0.03626621986441
-0.03905259273208
-0.02655674451744
-0.01497707872045
-0.00356113705475
0.00698554247852
0.00468274265581
9.796447116e-05
0.00538103773034
0.00666528875406
0.00524632307208
0.00253765971389
0.00469614507956
0.01731976479827
0.02900331236162
0.02894174099431
0.02546454611897
0.02370260419893
0.01938414640753
0.01293483778304
0.00136635208117
-0.00533074323508
-0.00757356024827
-0.01177653366432
-0.00986350526299
-0.01378553054816
-0.01589237598329
-0.0095429128193
-0.0030847160605
0.00019141625797
0.00109224997349
-0.00283261099357
0.00337957292367
0.00706168585411
0.00720744488376
0.00477856951356
0.00612568068997
0.01335631308864
0.01488671031725
0.01424712106892
0.00902687701741
0.00618967148037
0.00405800748509
0.00867162191208
0.01433522347585
0.01451323400548
0.01655903916618
0.01516196985333
0.0095400307553
0.00223577472167
-0.00691712827456
-0.00981865742021
-0.01308949202824
-0.01544211544386
-0.01165613254914
-0.01100989401801
-0.01008633413024
-0.00782722200744
-0.00805526856714
-0.00840389327297
-0.00781992715175
-0.00953577257065
-0.01310298178727
-0.01502370867487
-0.01730953240888
-0.01620782154691
-0.01540987220532
-0.01524294381367
-0.00962787823765
-0.00138151891347
0.00896226071762
0.01339836384228
0.01601457455279
0.02142184355033
0.02574312203501
0.02296663929688
0.01899896244838
0.01581185050137
0.0101713196121
0.00489395475158
-0.00252158884349
-0.00943327164578
-0.01295576284232
-0.01617065684772
-0.01495421812269
-0.01164534310233
-0.0095141311261
-0.00694744541628
-0.00546097664968
-0.00728325308073
-0.01007474568371
-0.01253586901328
-0.01476833561644
-0.01034379851439
-0.00216810876857
0.0059225789725
0.01875951037414
0.02032327203736
0.01585986129727
0.01702851346562
0.01197622694573
0.00172472647198
-0.01001617794166
-0.01311681380615
-0.00612040044658
-0.01115779748267
-0.01732596088181
-0.01701548398709
-0.02022445335642
-0.02028905785415
-0.01463028687513
-0.01295920904497
-0.01039481293555
-0.0063447553207
-0.00482889941501
-0.00452227707435
-0.00264286095098
-0.00151748104988
-0.00089150760662
-0.00057510477759
-0.0019796180062
-0.00192720740088
0.00119762977581
0.00275359853624
0.00410115110984
0.00647576649131
0.00846217068425
0.01016962129511
0.00775674480272
0.00293364846252
0.00101544284983
-0.00217774043291
-0.00128473608855
0.00290312596489
0.00366252150438
0.00597748807475
0.00787350380098
0.0009297570335
-0.00360964589774
-0.00464774835617
-0.00765669398631
-0.01098759165788
-0.0124413108774
-0.01437090111498
-0.0162868835729
-0.01519946501031
-0.01450157356636
-0.01464948883308
-0.01383908831408
-0.01277599380516
-0.00905560206071
-0.00541646634593
-0.0019436323332
0.00268876507848
0.0039610275657
0.00278382598228
0.00447522460604
0.00634482141226
0.00743071160758
0.00913771728063
0.01387596976374
0.01816769588043
0.02079433961542
0.02030932199784
0.01817050477164
0.01792513986339
0.01328579575691
0.00650185377333
0.00475545045061
0.00368467279809
-8.584626539e-05
-0.00496553426907
-0.0102892304918
-0.01480827380064
-0.01418655287704
-0.00875022247738
-0.00775865437666
-0.00264351950615
0.00350374597847
0.00757301971375
0.01090408379442
0.00924327966088
0.00144102609981
-0.00202183516894
-0.00354615551485
-0.00104222562747
-0.00149569443995
-0.00331729933356
-0.00054540795235
0.00150034799374
0.00224471714548
0.00366445704286
0.00117704945482
-0.00119269887352
-0.00220906311047
-0.0045637754914
-0.00692793660467
-0.00900580207193
-0.01123593068623
-0.01144146126845
-0.00682036787356
-0.0044281296503
-0.00225376578786
-0.00120019436429
-0.00347657054616
-0.00033420258376
0.00205389547549
0.0024780687329
0.0041930077533
0.00482793872701
0.00546400741969
0.00524010456462
0.00327502906154
0.0024433033933
0.00165623791503
0.00085400430622
-3.561668148e-05
-0.0011780803651
-0.00213909103409
-0.00241461847702
-0.00115487951385
-0.0006039533885
-0.00059566326476
-0.00171447992011
-0.00025823387872
0.00257174761502
0.00326387493096
0.0034756169394
0.00420611512545
0.00481104053194
0.0044375134713
0.00424058659366
0.00365810871269
0.00135399414007
-0.00019708242884
-0.00110273811361
-0.00218464818091
0.00081195815539
0.00622816155133
0.0077748810343
0.01017091480131
0.00989041396866
0.00743298586529
0.00719944780526
0.00664149461306
0.00605395482689
0.00549809650102
0.00458761684066
0.00266550321055
0.00119110559489
-0.00022505084182
9.892692947e-05
0.0023200343766
0.00279013418542
0.00350088633839
0.00310076096636
0.0024098303797
0.00056707949217
-0.00120909784129
-0.00269768625857
-0.00339826857308
-0.00123935361228
-0.00028638392546
-0.0002060262689
-0.00086576093216
-0.00149926456427
-0.00210637689319
-0.00295543271205
-0.00266302713755
-0.00047831333717
0.00057187785729
0.00193577569927
0.00504924276761
0.00723584419009
0.00671594203207
0.00695190305581
0.00686218730675
-0.00023052652739
-0.00551293051512
-0.00875684697584
-0.01390848444975
-0.01724904683145
-0.01504103410466
-0.00266531083691
0.00174235521481
0.00479633870095
0.00601816034732
-0.00348623761669
-0.00760058107355
-0.01260394331779
-0.01541923124198
-0.00563135360439
-0.00125034605458
0.00198095399983
0.00406008464833
0.00021885039152
0.00093722372724
0.00462865615742
0.00531373882143
-0.00276744825822
-0.0087400845045
-0.01184344192492
-0.00974426311049
-0.00332723431095
9.406469159e-05
0.00468880183541
0.00845857459538
0.01123638506569
0.01379097129961
0.00807480098287
0.00206260893926
-0.00571176460629
-0.00089023451799
0.00571298848031
0.00538627902691
0.00320735956782
-0.00044031883487
-0.00219873158374
-0.00156804935303
0.00193723443436
0.00257513008653
0.00422123356929
0.00680381783937
0.00858345695422
0.00753178920355
0.00413296357305
0.00721044968922
0.01273835702342
0.01378198992899
0.00912419093521
0.0010331690777
-0.00086204918307
-0.00350837238751
-0.00556140513214
-0.00262497964398
-0.00223946050622
0.00126755110332
0.00741151909128
0.01097525023967
0.01312350557637
0.01021560803705
0.00931231937422
0.00955850806653
0.01076847690013
0.01076807917058
0.00473760218939
-0.00075387689441
-0.00599836946638
-0.01135496748282
-0.00906009038561
-0.00671691098151
-0.00738648927419
-0.00528962130387
-0.00334711724798
-0.00331174292188
-0.00341282287827
-0.0027877655112
-0.00265337422949
-0.0023523437067
-0.00193219377288
-0.00164845445389
-0.0012941104679
-0.00093129791096
-0.00141842986828
-0.00284543983701
-0.00351834749191
-0.00322649189359
-0.00129327370157
-0.00032752403185
0.00074077105653
0.0020905290818
0.00104818401745
-0.00199963076594
-0.00452745463978
-0.0068294814273
-0.00964097852857
-0.00878202431873
-0.00593381217691
-0.00560255066747
-0.00382971190184
-0.00041693469756
0.00203354281632
0.00231545871643
-0.00036230931693
-0.00117169710083
-0.00224067375839
-0.00309061945286
-0.0020656090239
-0.00209578572106
-0.00195237648233
-0.00089637454173
9.36994885e-06
0.00093187219939
0.00220853673842
0.00332361697836
0.00472251915174
0.00610809561477
0.00722698320052
0.00511291490229
0.00122004189514
-0.00041445154332
-0.00316442956042
-0.00505687280192
-0.00171562117969
-0.00022213325361
0.00090024904128
0.00446046848556
0.00708746746267
0.00709620335036
0.00384337161059
0.00269605521334
0.00159668234023
-0.00013155961252
-0.00118683442797
0.0017185976602
0.00487052175373
0.00717523233058
0.01097269509284
0.01136304127473
0.00672848880619
0.00533181132186
0.00349318667191
0.00017324485624
-0.00181126628565
-0.00023245498462
-5.263255493e-05
-0.00254568039651
-0.00271170593026
-0.00076781938061
0.00010199597357
-0.00052263764039
-0.00051558685138
0.00249076657344
0.0013917760872
-0.00404709293641
-0.00603085582744
-0.00412905236908
0.00024430579104
0.00151413280436
0.00388019523013
0.00320816092796
0.00362481627067
0.00837638266205
0.01065413024373
0.01290419962519
0.01011575431511
0.00321677407418
-0.00058193982487
-0.00532437956223
-0.00676266758321
-0.00020020690723
0.00236952869193
0.0056292304131
0.00875866095306
0.00518674035254
-0.00047344675612
-0.00219149455817
-0.00215422127999
-0.00427444671496
-0.00520923036548
-0.00143882029406
0.00019806223618
-0.00318220464885
-0.00461425291865
-0.00413667060132
-0.00164535877253
-8.580386057e-05
0.00113169376924
0.00303250254965
0.00338557663357
0.00349916913809
0.00413684999269
0.00273642299267
0.00082509810124
-0.00091036624253
-0.00334323200855
-0.00286337661371
-0.00108385575555
-0.00119617930216
-0.00033618367821
0.00083606611327
-0.00013308243282
-0.00233483416472
-0.00302213679694
-0.00434779536182
-0.00563800642781
-0.00398947053967
-0.00275202768154
-0.00295692685333
-0.00362944858074
-0.00271022005042
-0.00156760205481
-0.00323806971826
-0.00194774299205
-0.00171295627366
-0.00396059324975
-0.00364617446569
-0.00189038142093
-0.00121140396458
0.00028268799113
0.00203808307029
0.00213447642711
0.00138194260756
0.001724766599
0.00154456678651
0.00051797735942
-0.00073868138309
-0.00041358267538
0.00093294300064
0.00092702178717
-0.00050866364268
-0.00138575703461
-0.00195062151543
-0.0027892065432
-0.00147531699643
-0.00032045093694
0.00010639790736
0.00107242451251
0.0002486183832
-0.00029879851647
0.00047152337377
-0.00061540528516
-0.00268219604972
-0.00364289349192
-0.00253519072212
0.00017272438522
0.00094329317463
0.00167238903946
0.00289758017507
0.0038557696787
0.00441407693283
0.00239813099377
-0.00029386643397
-0.00150895523893
-0.00239856412951
-0.00159429478271
-0.00199861460824
-0.00287978030231
-0.00152473695876
0.00093352779291
0.00167763505686
0.00032307854844
-0.00078552200436
-0.00112808694049
-0.00217187598737
-0.00303280940331
-0.00369388076834
-0.00426287007049
-0.00270079964302
-0.00062940642761
1.120771077e-05
-0.00020966803175
0.00011026451133
0.00083480754118
0.00246400303316
0.00365282492869
0.00461811455396
0.00543424497497
0.00325059052784
0.00190422878249
0.00145846955023
0.00012103040122
0.00040528476228
0.00205201894733
0.00208090095808
0.0019528143389
0.00201262365807
0.00120383766142
-0.00106083240734
-0.00368427624874
-0.00380213755977
-0.00364594668585
-0.00335551323623
-0.00215862463003
-0.00175331343113
-0.00196253451872
-0.0023255754456
-0.00218337827883
-0.00204528232927
-0.00111074003095
0.00036815912792
0.00154179212129
0.0024581362272
0.00182724864057
0.00166348084163
0.00215630552448
0.00204449513161
0.00166949045257
0.00149412358524
0.00142108179204
0.00127794636119
0.00073046313393
6.417525666e-05
6.75732951e-05
0.0001612526611
-0.00061933820493
-0.0010852027251
-0.00120101460773
-0.00094046988491
-0.00081121497943
-0.00071034899446
-0.00042004371525
-0.0002138032389
0.00013033715474
0.00041091717925
0.00024499255313
-4.107035619e-05
6.167677154e-05
0.00013281275566
5.340407945e-05
5.832541027e-05
5.023841186e-05
0.00016482420167
0.00031162204898
0.00017053238789
-0.00012902134264
-0.00019626844049
-7.642527969e-05
4.767394139e-05
0.00011112073927
0.00020207363968
0.00011247687902
6.074643845e-05
6.183473036e-05
9.565843049e-05
0.00010787936143
0.00011098514536
9.078158165e-05
1.565520171e-05
-5.366720647e-05
-9.480346538e-05
-0.0001089833855
-0.00010605118633
-6.929505099e-05
-6.276568897e-05
-5.757620345e-05
-6.083028031e-05
-9.182720911e-05
-0.00011219796085
-0.00014204114348
-0.00013814268574
-9.383825719e-05
-8.265135228e-05
-6.918811249e-05
-4.692181947e-05
-3.559266428e-05
-3.171938033e-05
-5.621880088e-05
-7.040717127e-05
-7.460426844e-05
-6.675224912e-05
-5.832451331e-05
-5.831890733e-05
-5.684813413e-05
-7.058397799e-05
-8.210836292e-05
-8.698327622e-05
-9.427771884e-05
-0.00010087502535
-0.0001056758807
-0.00011003118453
-0.00011387542359
-0.0001172521357
-0.00011861227635
-0.00011769458327
-0.000119090614
-0.00012078845891
-0.00012320859013
-0.00012592424503
-0.00012824323257
-0.00013125960406
-0.00013441287949
-0.00013788964949
-0.00014154474867
-0.00014505515456
-0.0001488283924
-0.00015274231085
-0.00015637699247
-0.00015953793924
-0.00016293339302
-0.00016669317651
-0.00017076028575
-0.00017488026823
-0.0001788240459
-0.00018279921706
-0.0001867999987
-0.00019083748475
-0.00019491769428
-0.00019902375033
-0.00020315175822
-0.00020731540833
-0.00021153889492
-0.0002157989679
-0.00022010388872
-0.00022446982622
-0.00022888415217
-0.00023334285389
-0.00023784451512
-0.00024239043409
-0.00024697588997
-0.00025159970256
-0.00025626411425
-0.00026096959712
-0.00026571390879
-0.00027049669518
-0.00027531665807
-0.00028017332538
-0.00028506646107
-0.00028999535701
-0.00029495918706
-0.00029995736112
-0.0003049894071
-0.00031005449886
-0.00031515192827
-0.00032028110524
-0.00032544132163
